0 0.722386 0.415249 0.748813 0.415249 0.749312 0.300465 0.728370 0.298439
0 0.767262 0.415249 0.786210 0.413223 0.789700 0.304516 0.769257 0.295063 0.763273 0.314644
0 0.804659 0.419975 0.828094 0.419975 0.828094 0.299114 0.801667 0.296413
0 0.843552 0.424702 0.864494 0.424702 0.865491 0.307217 0.841557 0.307217
0 0.878455 0.463188 0.900395 0.462513 0.902389 0.336925 0.878954 0.337601
0 0.923332 0.479393 0.948761 0.475342 0.943775 0.339626 0.914855 0.340301 0.914855 0.469940
0 0.725877 0.155971 0.749811 0.155971 0.748315 0.045238 0.724879 0.041862
0 0.554849 0.051315 0.555846 0.078999 0.642606 0.083725 0.642606 0.050640
0 0.054230 0.431454 0.077666 0.434154 0.078663 0.315994 0.051239 0.309242
0 0.408752 0.705585 0.408752 0.731918 0.498006 0.733269 0.496011 0.699508
0 0.394790 0.752174 0.394790 0.783233 0.485540 0.785934 0.485540 0.754875
0 0.340440 0.809566 0.340440 0.835224 0.434182 0.839275 0.434182 0.808216
0 0.331465 0.854805 0.330967 0.893291 0.421716 0.893291 0.417727 0.856830
0 0.369361 0.914222 0.368862 0.937854 0.464598 0.938530 0.461107 0.911522
0 0.556344 0.627937 0.559336 0.656296 0.633631 0.654270 0.634628 0.627937
0 0.560333 0.663048 0.561319 0.681616 0.640797 0.682737 0.639556 0.658354 0.583465 0.656672 0.562561 0.658074