0 0.050412 0.680192 0.149078 0.693063 0.145131 0.753127 0.047123 0.752054
0 0.044492 0.763852 0.148420 0.759562 0.145789 0.805682 0.041861 0.802465
0 0.049443 0.811004 0.150126 0.809538 0.145931 0.813935 0.144732 0.846184 0.147429 0.856445 0.055436 0.856445
0 0.146530 0.684941 0.147729 0.753347 0.204363 0.751393 0.202565 0.705463
0 0.145032 0.757256 0.204663 0.757256 0.202265 0.797322 0.199569 0.803674 0.152523 0.800254 0.149227 0.798788
0 0.148328 0.804163 0.209757 0.809049 0.207659 0.845695 0.186384 0.861820 0.143833 0.866217
0 0.028402 0.119266 0.034080 0.194487 0.198731 0.188701 0.188795 0.116951
0 0.891401 0.211846 0.972307 0.152826 0.975146 0.203745 0.893530 0.244248
0 0.818302 0.344929 0.833915 0.392376 0.907015 0.347243 0.886433 0.297482
0 0.841722 0.451396 0.837464 0.505786 0.908434 0.539346 0.914112 0.472226
0 0.822560 0.543975 0.839593 0.508101 0.910563 0.565963 0.880046 0.602995
0 0.897789 0.614567 0.898498 0.644656 0.981534 0.670115 0.980824 0.630769
0 0.782107 0.773110 0.763655 0.810142 0.791333 0.843702 0.819012 0.807828