0 0.644136 0.098962 0.715142 0.098962 0.715142 0.139558 0.643529 0.144478
0 0.789182 0.101422 0.950614 0.102652 0.951828 0.172772 0.788575 0.164161
0 0.445684 0.037453 0.522151 0.039913 0.517296 0.086660 0.445077 0.084200
0 0.233880 0.047294 0.378926 0.047294 0.377105 0.106343 0.230845 0.101422
0 0.273934 0.106343 0.273934 0.142018 0.345547 0.138327 0.346761 0.110033
0 0.218707 0.144478 0.289106 0.153090 0.286072 0.186304 0.216280 0.187535
0 0.446290 0.185074 0.513048 0.185074 0.510014 0.240432 0.448111 0.241662
0 0.055454 0.107573 0.200501 0.108803 0.198680 0.158010 0.055454 0.154320
0 0.053634 0.164161 0.053027 0.205987 0.199287 0.205987 0.196252 0.164161
0 0.086406 0.843220 0.170156 0.845680 0.168336 0.887506 0.085799 0.892427
0 0.090654 0.899808 0.090654 0.941634 0.181080 0.940404 0.177439 0.889967
0 0.380746 0.779251 0.446897 0.779251 0.446897 0.838299 0.383174 0.841990
0 0.749128 0.408967 0.832878 0.410197 0.828023 0.464325 0.748521 0.464325
0 0.744879 0.835839 0.853512 0.830918 0.855940 0.897348 0.747914 0.896118
0 0.557351 0.471706 0.557351 0.406506 0.576771 0.415118 0.574951 0.486468