0 0.161335 0.124805 0.161335 0.183642 0.226255 0.182737 0.226255 0.128426 0.222545 0.121185
0 0.174937 0.191788 0.174937 0.247909 0.241094 0.251530 0.242330 0.192693
0 0.186994 0.263297 0.188539 0.324849 0.254078 0.324849 0.252223 0.266013
0 0.282519 0.267823 0.282828 0.325754 0.349602 0.323944 0.348366 0.261487 0.285610 0.265107
0 0.275408 0.153771 0.276027 0.211702 0.340328 0.212607 0.340328 0.151055
0 0.266752 0.071400 0.266443 0.128426 0.330436 0.127521 0.331054 0.074116
0 0.783638 0.394547 0.784256 0.454289 0.848558 0.452478 0.848558 0.395452
0 0.790130 0.453384 0.790130 0.514935 0.855668 0.510410 0.856595 0.455194
0 0.816098 0.519461 0.817025 0.562004 0.877617 0.561099 0.877308 0.516746
0 0.798477 0.588254 0.799404 0.638944 0.862469 0.636229 0.862160 0.588254
0 0.491437 0.257574 0.491437 0.297924 0.541003 0.297924 0.541003 0.256272