0 0.160966 0.22004 0.229184 0.222945 0.999288
0 0.421869 0.554124 0.207228 0.337113 0.982449
0 0.343249 0.263845 0.133984 0.23047 0.9787
0 0.70185 0.163076 0.192154 0.261681 0.953906
0 0.505004 0.23787 0.193806 0.333769 0.936325
0 0.164127 0.556071 0.290642 0.325281 0.930632
0 0.905242 0.178757 0.16642 0.196566 0.924325
0 0.0808278 0.856974 0.149243 0.272959 0.913869
0 0.620839 0.719382 0.132506 0.161087 0.722721
0 0.461718 0.886842 0.0813617 0.121008 0.481137
0 0.256807 0.855647 0.271555 0.275152 0.335287
0 0.609893 0.519237 0.140675 0.178101 0.327687
0 0.198893 0.861458 0.115634 0.265083 0.293008
0 0.550627 0.888069 0.083727 0.128584 0.278745
