0 0.490661 0.654134 0.269908 0.207313 0.983912
0 0.245046 0.0914776 0.200579 0.118113 0.957299
0 0.261594 0.27053 0.158491 0.188007 0.952251
0 0.874355 0.145633 0.159713 0.213593 0.941757
0 0.873072 0.487749 0.187064 0.17934 0.911457
0 0.244793 0.672476 0.155672 0.178882 0.902983
0 0.880306 0.699265 0.197016 0.200962 0.868283
0 0.509171 0.462666 0.281919 0.19361 0.843075
0 0.42132 0.829752 0.194622 0.188151 0.781665
0 0.717079 0.61831 0.154514 0.114556 0.733062
0 0.493454 0.13892 0.266179 0.153322 0.721466
0 0.269121 0.836987 0.118264 0.128721 0.69325
0 0.0818621 0.787202 0.104479 0.118916 0.665792
0 0.719832 0.12129 0.109759 0.17423 0.65945
0 0.724237 0.511385 0.0934841 0.101316 0.563657
0 0.939453 0.859685 0.0927513 0.107876 0.555097
0 0.115557 0.202945 0.096275 0.089508 0.548621
0 0.147992 0.9234 0.102516 0.116429 0.5112
0 0.0897288 0.102236 0.133567 0.0925497 0.268056
0 0.101172 0.33639 0.180828 0.117314 0.266875
0 0.267563 0.490806 0.118551 0.11489 0.260401
