0 0.72664 0.150714 0.172273 0.229119 0.996285
0 0.344595 0.385479 0.177471 0.224013 0.982865
0 0.125078 0.371655 0.205163 0.230926 0.95358
0 0.475881 0.136122 0.160405 0.207024 0.937561
0 0.58563 0.375745 0.274753 0.291529 0.853259
0 0.544887 0.821345 0.163949 0.19988 0.785452
0 0.806404 0.354997 0.167099 0.283251 0.742173
0 0.11566 0.623284 0.227791 0.186848 0.741404
0 0.909306 0.178777 0.14293 0.332624 0.720261
0 0.752075 0.619001 0.113466 0.180165 0.677166
0 0.731279 0.828591 0.189094 0.20563 0.585135
0 0.402148 0.694977 0.118273 0.151563 0.554056
0 0.244354 0.191895 0.0894052 0.118501 0.29608
0 0.338403 0.090458 0.113975 0.130654 0.282861
