0 0.643098 0.167666 0.269526 0.276329 0.991385
0 0.835379 0.499343 0.27524 0.313978 0.928955
0 0.172825 0.1826 0.306099 0.32856 0.885366
0 0.381191 0.166278 0.14346 0.306308 0.881283
0 0.105097 0.493329 0.126404 0.332211 0.870052
0 0.535699 0.680393 0.29928 0.306489 0.840672
0 0.251204 0.515166 0.147546 0.293432 0.823187
0 0.716897 0.825676 0.0957951 0.142392 0.768929
0 0.402256 0.455708 0.141064 0.236235 0.683153
0 0.399097 0.49765 0.143867 0.332717 0.563602
0 0.886348 0.81338 0.221444 0.17548 0.483305
0 0.365628 0.50097 0.197574 0.326602 0.435734
0 0.342971 0.168331 0.205056 0.300307 0.373322
0 0.572893 0.400008 0.0893454 0.226429 0.296744
0 0.876468 0.146882 0.213482 0.216729 0.293227
0 0.561205 0.373914 0.153432 0.318648 0.251864
