0 0.15194290500000002 0.06630582 0.13685642333333334 0.0609709025 0.10991603666666667 0.060208432500000006 0.08135936166666667 0.058684085000000004 0.040949202500000004 0.06325712625 0.02262972333333333 0.07240261249999999 0.03663853916666667 0.1585237525 0.10237279583333332 0.1425190025 0.13847271166666666 0.11813064125 0.15948614583333334 0.09602909750000001 0.15194290500000002 0.06630582
0 0.17834424833333334 0.16080997625 0.14978757333333334 0.15242696 0.10829974833333333 0.15242696 0.06950587750000001 0.17224228 0.07489378666666667 0.2415962 0.12931318249999998 0.2629358675 0.1514042825 0.2240671025 0.17241771583333335 0.20044121125 0.17834424833333334 0.16080997625
0 0.3243606216666667 0.14861579625 0.34806801 0.12651425125 0.3410633925 0.07316508375 0.32166666666666666 0.04420368125 0.3044248533333333 0.031247625 0.25054408083333335 0.02580582 0.20959487833333335 0.0288545125 0.1514042825 0.02733016625 0.12230856416666666 0.03418943 0.1616414775 0.0762131825 0.16864609583333334 0.11889311125 0.2020516375 0.14556769625 0.2602426533333333 0.1539507125 0.3243606216666667 0.14861579625
0 0.1837325775 0.36811045124999997 0.23922921916666667 0.37725593875 0.3125067166666667 0.36429988125 0.3448350125 0.34372209 0.3410633925 0.30028087875 0.34914567583333334 0.24388301625 0.328670865 0.19586817125 0.23545759833333335 0.18138776750000002 0.1901981525 0.20425178125 0.17026238416666667 0.27817874125 0.1837325775 0.36811045124999997
0 0.43104366083333334 0.36811045124999997 0.6180092358333333 0.36811045124999997 0.6320180516666667 0.34829513125 0.667579345 0.33991152 0.6885927791666666 0.31780997625 0.6805104949999999 0.26903325375000003 0.6713509658333333 0.24235867 0.6530314858333334 0.22559144875 0.5889135183333334 0.2324507125 0.522102015 0.22940201875 0.4822304783333333 0.21034916875 0.4563677583333333 0.19967874125 0.3534559191666667 0.23473693625 0.34860663333333336 0.29951840874999996 0.35237825333333334 0.36201365750000003 0.39063350166666666 0.36734857499999996 0.43104366083333334 0.36811045124999997
0 0.6217808566666666 0.202727435 0.6190869016666667 0.14556769625 0.6239361883333333 0.07468883625 0.6417166249999999 0.03810688875 0.6417166249999999 0.034295725 0.6314794291666667 0.022102137499999997 0.5107871533333334 0.01981532125 0.4860020991666667 0.01676722125 0.41003064666666666 0.01905344375 0.3760856425 0.022864013750000002 0.3529172966666667 0.046489905 0.3615382033333333 0.15242696 0.36423215750000004 0.21034916875 0.40895298083333337 0.211111045 0.4547514691666667 0.195106295 0.5161750633333333 0.21797030875 0.6217808566666666 0.202727435
0 0.5113257766666667 0.55330878875 0.5899911841666666 0.55178503625 0.6212418133333334 0.5380665087500001 0.6546477749999999 0.51139192375 0.6632686816666666 0.48166864625 0.645488245 0.43822684125 0.6422552475 0.39402315875 0.5996897566666667 0.374969715 0.5592795966666667 0.37420783874999997 0.4278110833333333 0.371159145 0.40895298083333337 0.374969715 0.38686188083333334 0.40926603375 0.38470654916666663 0.4740469125 0.40949160333333334 0.539590855 0.5113257766666667 0.55330878875
0 0.44559152 0.72631353875 0.4930062975 0.75756116375 0.557124265 0.7766140137499999 0.6309403858333333 0.75451247 0.6508761541666667 0.68744477375 0.6330957175 0.60970665125 0.6244748108333333 0.55940617625 0.6185478591666667 0.54645011875 0.5916078925 0.55178503625 0.5458094041666667 0.57388658 0.455828715 0.57464905 0.41919017666666664 0.56245486875 0.35237825333333334 0.5609305225 0.35830520583333336 0.64857601 0.3534559191666667 0.70497387125 0.37931864 0.7324103325 0.44559152 0.72631353875
0 0.34214105833333336 0.83529869375 0.35614987416666666 0.9214198337499999 0.41003064666666666 0.9366621137500001 0.4725319058333333 0.93285154375 0.4903123425 0.866545725 0.4924676741666667 0.8368230400000001 0.5156360200000001 0.82005582 0.5215629725 0.79795368125 0.5043211583333334 0.78423574875 0.4612170441666667 0.74765320625 0.40895298083333337 0.74231829 0.33513644 0.76289608125 0.3302871533333333 0.7949055825000001 0.34214105833333336 0.83529869375
0 0.557124265 0.9320896675 0.5775986566666667 0.8932209025 0.5705944583333333 0.85587589125 0.55981822 0.804812945 0.5296452558333333 0.79566745875 0.5161750633333333 0.8413954875 0.5027048700000001 0.8452060575 0.5075541558333333 0.8939827787500001 0.557124265 0.9320896675
0 0.6535701091666667 0.12727612875 0.6535701091666667 0.195106295 0.7322359358333334 0.21415973875 0.7710298066666667 0.19282007125 0.7791116708333333 0.09755285000000001 0.7694130983333333 0.0487767225 0.7031402183333334 0.032009501249999996 0.6821267841666667 0.038868765 0.65734173 0.07087826625 0.6535701091666667 0.12727612875
0 0.9542233416666667 0.18367398999999998 0.9445247691666666 0.11813064125 0.9332099075 0.08307244624999999 0.8901057933333334 0.047252375000000006 0.8464622166666667 0.032009501249999996 0.8152115866666667 0.043441805 0.79743115 0.12422802875 0.7920432408333333 0.23397506 0.8459235933333333 0.26446021375 0.9278219983333335 0.2591252975 0.9542233416666667 0.18367398999999998
0 0.7985088158333333 0.36811045124999997 0.8938774141666667 0.37573218500000005 0.9466801008333334 0.38563954875 0.9660772458333334 0.3223824225 0.954761965 0.27131947749999996 0.9148904283333333 0.27513004750000003 0.8550831233333334 0.2797030875 0.768874475 0.26217399 0.7548656591666667 0.2636983375 0.7591759025 0.32085807625 0.7985088158333333 0.36811045124999997
0 0.6659626366666667 0.39326068875 0.6929030224999999 0.40621734 0.7236150291666666 0.4443242275 0.7462447525 0.47709560625 0.778034005 0.48166864625 0.7818056258333334 0.44203741125 0.7990474391666667 0.40545486875000003 0.7446284633333333 0.34296021375 0.7020625524999999 0.34677078375000003 0.6406389591666667 0.38411520250000003 0.6659626366666667 0.39326068875
0 0.6923644 0.55178503625 0.7090671708333333 0.55330878875 0.7333131825 0.56321674625 0.7629475233333333 0.56702731625 0.7823446683333333 0.54187707875 0.7785730475 0.47938182875 0.7473224183333333 0.47785807625 0.7058341733333333 0.4511828975 0.6729672541666667 0.5136781475 0.6848207391666666 0.554833135 0.6923644 0.55178503625
0 0.8620877416666667 0.5792214962500001 0.8852565075 0.5792214962500001 0.905192275 0.58227019 0.9332099075 0.56169239875 0.9385978166666666 0.54416330125 0.9617665825 0.53273159125 0.9687712008333333 0.49538717374999997 0.9617665825 0.43060570125 0.9240503775 0.40621734 0.8486175483333334 0.40393111625000006 0.8060520575 0.40697921625 0.7861162891666666 0.45575593875000003 0.787193955 0.5136781475 0.7888102433333333 0.54416330125 0.7958148616666667 0.56702731625 0.835147355 0.58303206625 0.8620877416666667 0.5792214962500001
0 0.8712472708333333 0.65391092625 0.89495466 0.6470516625 0.9084248533333332 0.624949525 0.9391368600000001 0.61046912125 0.9418308141666667 0.58684263625 0.9288996641666667 0.57464905 0.9116578508333333 0.58303206625 0.8895667508333335 0.58379453625 0.8685533166666666 0.58074584375 0.8410743075 0.5921781475 0.8340696891666667 0.617328385 0.8566998316666666 0.6424786225 0.8712472708333333 0.65391092625
0 0.9833186399999999 0.63790617625 0.9919395466666666 0.58836698375 0.9817023508333333 0.55940617625 0.9655382033333333 0.54416330125 0.9579949625 0.538828385 0.9466801008333334 0.54568764875 0.9407531483333335 0.5655029687500001 0.9466801008333334 0.59751306375 0.9364429049999999 0.61809026125 0.9310545758333334 0.644764845 0.9520680100000001 0.644764845 0.9833186399999999 0.63790617625
0 0.7915041983333333 0.7125950125 0.8119790091666667 0.7507018999999999 0.822216205 0.7750896675 0.8432296391666667 0.8025267225 0.8960323258333334 0.8109103325 0.9569172966666667 0.81167220875 0.98709026 0.8078616387499999 0.9914009233333333 0.7834732775000001 0.967693535 0.74765320625 0.9924785891666666 0.7072600950000001 0.9919395466666666 0.6775368174999999 0.9660772458333334 0.6691532062500001 0.9024979008333335 0.6622939425 0.8744802683333334 0.6531484562500001 0.8550831233333334 0.6462891924999999 0.844307305 0.6348574825 0.81952225 0.60894477375 0.7839609575 0.6478135387499999 0.7699521408333334 0.6843960812500001 0.7915041983333333 0.7125950125
0 0.5786763225 0.8223420425000001 0.5797539883333334 0.8924584324999999 0.5991511333333334 0.94199703125 0.6471045341666667 0.9473319474999999 0.7009848866666667 0.95495368125 0.6972132658333333 0.9282790975 0.6799718724999999 0.9008420425 0.6907476908333333 0.90008016625 0.6821267841666667 0.8208176962500001 0.6471045341666667 0.77051722125 0.6384836275 0.7750896675 0.5932241816666667 0.7834732775000001 0.5786763225 0.8223420425000001
0 0.6497984883333333 0.64400296875 0.667579345 0.6653426362499999 0.6977523091666666 0.6836342037500001 0.7505549958333333 0.6767749399999999 0.7855772458333333 0.6363818287499999 0.8092850541666666 0.60894477375 0.7839609575 0.5815077200000001 0.7370852225 0.57007601 0.7112225025 0.55559560625 0.6880537366666667 0.5578818287499999 0.63902267 0.57845962 0.6417166249999999 0.612755345 0.6497984883333333 0.64400296875
0 0.32556507166666665 0.5272232775 0.32180856416666664 0.4599180525 0.3209739716666667 0.43984441750000003 0.29133921083333336 0.41918052250000004 0.20786062166666666 0.42626544000000005 0.20493912666666667 0.49534144875 0.2333215783333333 0.54788658 0.2779823675 0.57504513125 0.32514777499999997 0.55792339625 0.32556507166666665 0.5272232775
0 0.21662594500000001 0.626409145 0.193669605 0.6370368175 0.18866078916666665 0.65651959625 0.16570445 0.6529774349999999 0.17029555 0.66419477375 0.17029555 0.6925338474999999 0.18448698583333334 0.722643705 0.1928345925 0.73504216125 0.2015999158333333 0.7503925175 0.2408345925 0.74685035625 0.2838257766666667 0.73976544 0.31012174666666664 0.73209026125 0.31346095749999997 0.705522565 0.32180856416666664 0.66655641375 0.31763476083333336 0.6305421612500001 0.30135642333333335 0.60456472625 0.25419101583333337 0.59216627125 0.22789546583333334 0.5880338475 0.23081738000000002 0.61342102125 0.21662594500000001 0.626409145
0 0.32347817 0.867881235 0.31095633916666665 0.8472173399999999 0.286330395 0.81710688875 0.2804869858333333 0.7846353924999999 0.27130436583333334 0.7793218525000001 0.25043450916666665 0.7775504750000001 0.21996515500000002 0.76928503625 0.21286943749999998 0.8017571262500001 0.207443325 0.86729097375 0.22288707000000002 0.9133414487500001 0.29926952166666665 0.91393171 0.3151301425 0.8938586700000001 0.32347817 0.867881235
0 0.10810411416666668 0.97001959625 0.11353022666666668 0.9735617575000001 0.15693912666666668 0.98300831375 0.20201721250000002 0.9765136575 0.1990957175 0.9275112824999999 0.18740848 0.90743764875 0.16445214083333334 0.89681057 0.11686943749999999 0.90566627125 0.11353022666666668 0.928691805 0.10810411416666668 0.97001959625
0 0.094330395 0.7267767225 0.06052182999999999 0.725005345 0.02838245166666667 0.752163895 0.022956339166666666 0.7905391925 0.049669605 0.83777078375 0.07471284666666667 0.85725415625 0.1293912675 0.85843467875 0.137738875 0.79112945375 0.13273047833333335 0.73799406125 0.094330395 0.7267767225