0 0.12916666666666668 0.183125 0.22541666666666665 0.251875
0 0.34349703083333333 0.17188571374999997 0.24290855083333332 0.178238655 0.242691805 0.35297310875 0.23553741083333335 0.41939663875 0.34761579583333335 0.417863025 0.34349703083333333 0.17188571374999997
0 0.40291666666666665 0.1125 0.10916666666666666 0.154375
0 0.10458333333333333 0.375625 0.09333333333333334 0.126875
0 0.5759815916666666 0.366388235 0.5439032066666667 0.1597184875 0.48544952500000005 0.1533327725 0.44695605666666666 0.21214201625 0.3763842041666667 0.21617479 0.37923515416666664 0.3623554625 0.5759815916666666 0.366388235
0 0.05137707833333333 0.6289806725 0.22575950083333335 0.6242075625 0.22013420416666668 0.45396050375 0.16088182916666668 0.42375966374999996 0.14775653166666666 0.450663865 0.03600178166666666 0.45172437000000004 0.020250594166666667 0.5042302525 0.05137707833333333 0.6289806725
0 0.6253438241666667 0.33230924375 0.736312945 0.338688235 0.7402559383333334 0.04594537875 0.5781092633333333 0.044636135 0.5688919241666667 0.14061596625 0.5995991683333334 0.29994537875 0.6253438241666667 0.33230924375
0 0.8416666666666667 0.208125 0.19875 0.360625
0 0.7089263658333333 0.40745210125 0.7087309975 0.371063865 0.6890445366666667 0.33853529375 0.6669210216666667 0.3361075625 0.6508396675 0.34349747875 0.6496704275 0.4041436975 0.7089263658333333 0.40745210125
0 0.035086104166666666 0.6324420162500001 0.03645486916666667 0.768912605 0.170828385 0.768912605 0.16510510666666667 0.62884789875 0.035086104166666666 0.6324420162500001
0 0.07625 0.875625 0.09541666666666666 0.135
0 0.17833333333333334 0.89375 0.07458333333333333 0.18125
0 0.8883333333333333 0.50625 0.12458333333333334 0.148125
0 0.7675 0.505625 0.10125 0.15
0 0.43107304 0.6087563025 0.5217268408333333 0.61594033625 0.561583135 0.5927302525 0.6940463183333333 0.59494033625 0.7030338483333334 0.43136722749999995 0.5242666266666667 0.4095941175 0.49398396666666666 0.5584680675 0.4560813541666667 0.572836135 0.43107304 0.6087563025
0 0.7448877675 0.59775462125 0.5603717341666667 0.594936975 0.5265190025 0.6155428574999999 0.5225047508333334 0.79304201625 0.7569299283333334 0.78925798375 0.7448877675 0.59775462125
0 0.29149703083333334 0.42310336125 0.21972149666666665 0.425461345 0.2365671025 0.57847395 0.3310469125 0.57640168125 0.363638955 0.5474 0.29149703083333334 0.42310336125
0 0.488570665 0.55735126 0.481820665 0.42370336125 0.33615380083333335 0.45009915999999994 0.36571912083333336 0.55124201625 0.3419590258333334 0.5730075625 0.4151300475 0.59095462125 0.488570665 0.55735126
0 0.9116666666666666 0.670625 0.08833333333333333 0.13625
0 0.6866666666666666 0.879375 0.135 0.156875
0 0.35625 0.900625 0.0925 0.103125
0 0.52 0.891875 0.13958333333333334 0.16
0 0.5129940616666667 0.63631596625 0.36900593833333334 0.62530840375 0.33402909750000004 0.6956756300000001 0.3765843233333333 0.7962563025 0.49317399083333335 0.7797680674999999 0.5129940616666667 0.63631596625
0 0.33694418083333333 0.680836135 0.35501543916666667 0.58932353 0.24483788583333332 0.57952353 0.24542102166666666 0.69979747875 0.32178741083333334 0.7344235299999999 0.33694418083333333 0.680836135
0 0.25241627083333334 0.71051512625 0.2151074825 0.71068991625 0.21743943000000002 0.8663327725000001 0.30021793333333335 0.859737815 0.31595783833333335 0.7690504199999999 0.25241627083333334 0.71051512625