0 0.1504352733333333 0.11378235249999999 0.2498461991666667 0.10009579875 0.27359916833333336 0.07334621875 0.24852672249999996 0.03602184875 0.04618646083333333 0.03485798375 0.04662648416666666 0.171013445 0.04794596166666667 0.18594369749999998 0.1433978625 0.18656554625 0.1504352733333333 0.11378235249999999
0 0.37064726833333334 0.30724958 0.40671674583333334 0.26245966374999996 0.3965997625 0.21891428625 0.42475178166666666 0.18407731125000001 0.4423461991666666 0.11440420124999999 0.4625801666666666 0.11378235249999999 0.5149245841666666 0.10134033625000001 0.5153646083333334 0.0553058825 0.3070290975 0.0416201675 0.2560041566666667 0.1151571425 0.27387589083333336 0.22824537875 0.29894893083333335 0.24130924374999999 0.37064726833333334 0.30724958
0 0.16605106916666665 0.44332605 0.1972814725 0.42528571374999996 0.20344002416666668 0.371163865 0.29361282666666666 0.30460084 0.28173634166666667 0.26665378125 0.22191448916666667 0.21999747875 0.053884204166666665 0.21315462125 0.0455267225 0.22440084 0.04596615166666667 0.451412605 0.07851662666666667 0.47629663875 0.12866211416666667 0.47629663875 0.16605106916666665 0.44332605
0 0.235550475 0.66461512625 0.310767815 0.6453310925 0.30636935833333334 0.54455378125 0.29229334916666666 0.478612605 0.2065190025 0.44190924375 0.10688836083333332 0.51011512625 0.12426306416666667 0.66834789875 0.17792755333333335 0.6907428575 0.235550475 0.66461512625
0 0.415896675 0.5095756300000001 0.45900415666666666 0.35841008375 0.44096971500000004 0.30677647 0.3749893108333333 0.32357310875 0.35167577166666664 0.31175378125000003 0.29229334916666666 0.38219747875000004 0.3186858666666667 0.49526806749999996 0.38818527333333336 0.5164193275 0.415896675 0.5095756300000001
0 0.5208058191666667 0.28023529375 0.5551157958333334 0.221136975 0.5449988124999999 0.15768487374999998 0.49353384833333336 0.12347058875 0.4552654391666667 0.12284789874999999 0.4354709025 0.16390588250000002 0.4097387175 0.2216 0.42711342083333337 0.29889747875 0.46362292166666663 0.29765378125 0.5208058191666667 0.28023529375
0 0.25556413333333333 0.982336135 0.3259435866666667 0.93194789875 0.3347410925 0.816862185 0.43415142500000004 0.81375126 0.44470843250000003 0.7702058825 0.42359441833333333 0.66818403375 0.30395011916666664 0.6688058825000001 0.22345368166666665 0.6806260500000001 0.18694477416666666 0.7036428574999999 0.1293218525 0.7154621849999999 0.032990499166666666 0.76595042 0.03035095 0.9437672275 0.18298574833333334 0.96678403375 0.2216941808333333 0.9860689075000001 0.25556413333333333 0.982336135
0 0.5080498808333334 0.90091428625 0.46010391916666665 0.8281302524999999 0.34243883583333334 0.83784621875 0.4068794533333333 0.9450823525 0.44954691249999995 0.96747731125 0.47505938250000007 0.96561092375 0.5080498808333334 0.90091428625
0 0.54631829 0.96208907625 0.6281342041666667 0.96519916 0.6505676958333333 0.88495042 0.6571656766666666 0.74684789875 0.7279845608333333 0.68588403375 0.7156680525 0.66162268875 0.6285742283333333 0.61247815125 0.6105391925 0.6143445375000001 0.5982226841666667 0.637361345 0.44602790999999997 0.65764117625 0.46010391916666665 0.786661345 0.49705285000000005 0.8389159662500001 0.54631829 0.90672353 0.54631829 0.96208907625
0 0.5155273158333333 0.63845042 0.5907452491666667 0.62289831875 0.6061407366666667 0.5861957987499999 0.7055510691666667 0.5868176475 0.7081906175 0.51652268875 0.5911852733333334 0.51838907625 0.5564352733333333 0.4903949575 0.518166865 0.46426722750000005 0.4944138958333334 0.43938403375 0.4592238716666666 0.46799999999999997 0.39852197166666664 0.53159075625 0.40160094999999996 0.5812193274999999 0.4565849166666666 0.6409394962499999 0.5155273158333333 0.63845042
0 0.6996128266666667 0.504587395 0.7268847983333333 0.46228571375 0.732603325 0.37519411750000004 0.7862672208333333 0.35342100875 0.786707245 0.32418319375000004 0.7607547508333333 0.31734033624999997 0.7370017816666667 0.30614285750000003 0.7075308791666667 0.27068403375 0.6679423991666666 0.28499243750000003 0.6705813541666666 0.24580084 0.5892054633333333 0.24269075625 0.5430190025 0.36819159625 0.5645730400000001 0.42371680625 0.6433093825 0.42744958 0.6996128266666667 0.504587395
0 0.665 0.12875 0.1425 0.215
0 0.7972642516666666 0.362362185 0.8544471499999999 0.4618949575 0.9296650833333333 0.453186555 0.9331840858333333 0.35738487375 0.9718925175 0.35862941125 0.9630950116666666 0.31135126 0.952538005 0.21492773125 0.9345035633333333 0.13467899125000002 0.9041526125 0.10730756250000001 0.8443301666666666 0.101086555 0.7541567699999999 0.09368151250000001 0.7550368175 0.23172436999999999 0.7761502375 0.29579916 0.7884667458333333 0.31383949625 0.7972642516666666 0.362362185
0 0.9308333333333333 0.059375 0.11583333333333333 0.083125