0 0.24444860333333332 0.27257431625 0.23504634583333334 0.24314625499999998 0.193822935 0.2450761 0.193822935 0.30779191499999997 0.21937670833333334 0.31551129625 0.23818063 0.30779191499999997 0.24444860333333332 0.27257431625
0 0.23094830666666666 0.20937574375 0.23408199666666665 0.1770535075 0.2321532975 0.14038763375 0.23721628083333332 0.12591557625 0.24517171749999997 0.09986325750000001 0.22757338083333334 0.0829785975 0.19719786083333332 0.1022758625 0.19575163416666666 0.17222829999999997 0.19671598333333334 0.21275267500000003 0.21937670833333334 0.21661236625000002 0.23094830666666666 0.20937574375
0 0.2637344025 0.21275267500000003 0.27723410583333336 0.20889417375 0.2810915033333333 0.18428894125 0.28832382666666667 0.14135315125 0.278198455 0.109512485 0.2724129533333333 0.08442568375000001 0.2531271541666667 0.0935921525 0.251198455 0.14907134375 0.25192156833333335 0.18332461375 0.2567433158333333 0.21034126 0.2637344025 0.21275267500000003
0 0.3837884733333334 0.1775350775 0.37607427250000003 0.1620975025 0.36353832416666665 0.15341379249999998 0.34762745083333335 0.152449465 0.32207367833333334 0.15437812125 0.308573975 0.17174673 0.30833273916666665 0.21757788375 0.3071271541666667 0.24652318625 0.3126720141666667 0.28704756249999996 0.3283416516666666 0.29283709874999997 0.37993167 0.294284185 0.38836898416666665 0.27016290125000003 0.38861022 0.22288466125 0.3837884733333334 0.1775350775
0 0.1586262625 0.56782401875 0.16103683916666667 0.53357074875 0.17598336333333334 0.5215101074999999 0.1738140225 0.48146849 0.16200118833333332 0.45975862125 0.1617599525 0.40572651625 0.17405466416666668 0.39993698 0.17164408833333333 0.363272295 0.1660992275 0.3449393575 0.007232323333333334 0.34445778875 0.007714200833333333 0.36616646875000003 0.008919785833333332 0.40041973875 0.004580510833333333 0.44287396 0.0028930483333333337 0.47423186625 0.004580510833333333 0.51137931 0.005303624166666666 0.5750606425 0.04869697 0.5740951249999999 0.10703624499999999 0.57457788375 0.13717052916666667 0.5740951249999999 0.1586262625 0.56782401875
0 0.041946524166666666 0.7448763375 0.07328639333333334 0.7352283 0.08148306583333334 0.70773008375 0.08895603083333334 0.6951866825 0.11185799166666667 0.7125541025 0.13403683916666667 0.6971165275 0.13958169916666668 0.6652758625 0.13958169916666668 0.64018906125 0.15452822333333333 0.620891795 0.16658169916666668 0.6155850174999999 0.16561735000000002 0.59194530375 0.13668865083333331 0.586638525 0.06581283416666667 0.58422711 0.010125371666666667 0.5856741974999999 0.0033749258333333333 0.66672294875 0.007473559166666666 0.7082116525000001 0.018803921666666668 0.7352283 0.041946524166666666 0.7448763375
0 0.3090558525 0.51234363875 0.32617231166666666 0.49594173625000004 0.3522079616666667 0.466030915 0.35437789666666664 0.4312948875 0.3365383241666666 0.4264708675 0.3049578133333333 0.4115160525 0.2728948308333333 0.37436860875 0.25023410583333333 0.35748275874999996 0.21648366 0.35603567124999996 0.2012959 0.40283115375 0.193822935 0.44866230625 0.20153713583333333 0.513791915 0.20322459916666666 0.561070155 0.24782352916666667 0.56058739625 0.2907344025 0.56348157 0.3107433158333333 0.55914030875 0.3206274508333333 0.53791319875 0.3090558525 0.51234363875
0 0.13885799166666668 0.97644470875 0.12318835416666665 0.8900891799999999 0.09884016666666666 0.7598323425 0.0038573975 0.76031510125 0.00554486 0.9947776462500001 0.100768865 0.9942948875000001 0.13885799166666668 0.97644470875
0 0.2311895425 0.8259250887499999 0.18610873416666665 0.8606611175000001 0.1976803325 0.9407443524999999 0.244689245 0.91614030875 0.2473410575 0.87272176 0.2311895425 0.8259250887499999
0 0.26710932833333334 0.7299215225000001 0.2632519308333333 0.6599690850000001 0.22612656 0.61944470875 0.18418003583333334 0.63777645625 0.18176945916666667 0.7530784774999999 0.21696613166666665 0.7945671824999999 0.2572251933333333 0.7907074912500001 0.26710932833333334 0.7299215225000001
0 0.2982073675 0.6435659925 0.27337730250000003 0.66479310375 0.27699346416666665 0.732815695 0.3061628041666667 0.7400523187500001 0.3186987525 0.6749239 0.2982073675 0.6435659925
0 0.3751099225 0.61654934625 0.3729405825 0.65948632625 0.3596815208333333 0.70531747875 0.32520796166666666 0.702904875 0.3213505641666667 0.82978478 0.3763155083333334 0.8379869200000001 0.41970885333333335 0.844740785 0.4510481283333333 0.7916730087499999 0.47298574000000004 0.7907074912500001 0.4987807483333333 0.7250975024999999 0.5334949491666666 0.719790725 0.5590487225 0.69373840625 0.5313256091666667 0.6141379312499999 0.5117985741666666 0.5663769325 0.4819055258333334 0.49063495875 0.4565929883333334 0.48484542249999996 0.44212834249999994 0.4419084425 0.42766429 0.40331391250000004 0.37993167 0.45734720625 0.34762745083333335 0.52102734875 0.35052049916666667 0.54756123625 0.37269934666666665 0.57313079625 0.3751099225 0.61654934625
0 0.45948544249999995 0.98319857375 0.49540582333333333 0.9827170037499999 0.50239691 0.9383329374999999 0.5091467616666667 0.9180701550000001 0.5081824125 0.8891248512500001 0.4833517525 0.8891248512500001 0.44261081416666664 0.8741688462499999 0.4228425433333333 0.9103519625 0.4226013075 0.9359203325 0.4324854425 0.9706551725 0.45948544249999995 0.98319857375
0 0.7813184791666666 0.775752675 0.7834884133333333 0.73474554125 0.7726399283333333 0.71062425625 0.7376844916666667 0.7043519625000001 0.732862745 0.75693816875 0.7492554958333333 0.78733055875 0.7651663691666667 0.797462545 0.7813184791666666 0.775752675
0 0.6364337491666667 0.806146255 0.6764515741666667 0.7921557674999999 0.71333571 0.7665862075 0.7118894833333334 0.715931035 0.6921212124999999 0.664310345 0.7068270941666667 0.6416361475 0.7114070116666666 0.60979548125 0.69501426 0.599664685 0.6407730241666667 0.6006290125 0.6219691025 0.61944470875 0.6053351158333333 0.6763709875 0.6005133691666666 0.7058002375 0.5727902558333333 0.72268489875 0.55422757 0.7405350774999999 0.5501289366666666 0.780576695 0.5703796791666667 0.818689655 0.6364337491666667 0.806146255
0 0.7892739158333333 0.47037217624999994 0.7883095666666667 0.40765636125 0.7784254308333333 0.37388584999999996 0.7461218066666667 0.3772627825 0.7461218066666667 0.39945422125 0.732862745 0.4139274675 0.7077914441666667 0.45734720625 0.705862745 0.5002829962500001 0.7270772433333333 0.50221284125 0.76757754 0.49883591000000005 0.7892739158333333 0.47037217624999994
0 0.6373975041666667 0.55286801375 0.6846482475 0.54514982125 0.6885050508333334 0.48291557625000003 0.6913980983333333 0.40379667124999996 0.6709067141666667 0.38256956000000003 0.6135317883333333 0.39607728875 0.5662810458333333 0.40427942875 0.53903981 0.44962782375000004 0.5344592991666667 0.50173008375 0.5554325608333334 0.51958026125 0.5959328583333333 0.53598335375 0.6373975041666667 0.55286801375
0 0.5368704691666667 0.40572651625 0.51203981 0.32516052375 0.5105929883333333 0.3232306775 0.4751556741666667 0.3579655175 0.48745038583333333 0.44239120125 0.5110754608333333 0.44094411375 0.5368704691666667 0.40572651625
0 0.6096743908333334 0.29187158125 0.6359512775 0.30875743125 0.6918805699999999 0.34879904875 0.72538978 0.29283709874999997 0.7403363041666666 0.24555885875000003 0.7287647058333333 0.21516528000000001 0.7309340466666666 0.17271105875 0.7157462866666666 0.13170392375 0.6998360075000001 0.12109036875 0.6639156266666667 0.07574197375 0.6248621508333333 0.09166230625 0.6128080808333333 0.15486088 0.6005133691666666 0.19200832375000002 0.600754605 0.24218192625 0.6096743908333334 0.29187158125
0 0.5014325608333333 0.20889417375 0.5052893641666666 0.26340903625 0.5199952466666666 0.2846361475 0.5532632208333333 0.28753032125 0.5735133691666667 0.2740225925 0.5718259058333334 0.22577883499999998 0.5708615566666666 0.18332461375 0.5655579325000001 0.16161474375 0.5081824125 0.152449465 0.5014325608333333 0.20889417375
0 0.41416399249999997 0.24266349625 0.41488710666666667 0.28077645625 0.4230837791666667 0.28946016625 0.44936066583333334 0.30248513625 0.486003565 0.2846361475 0.49082531166666665 0.24121640875 0.4869679141666667 0.1900784775 0.4295923941666666 0.18380737249999998 0.41753891833333334 0.1924910825 0.41416399249999997 0.24266349625
0 0.44405704083333336 0.013990487499999999 0.4192263816666667 0.01785017875 0.41416399249999997 0.0569274675 0.41416399249999997 0.10082877500000001 0.41416399249999997 0.14617717 0.41657456916666663 0.17801783624999998 0.4756375516666666 0.178500595 0.48672667833333333 0.16885136750000002 0.4886553775 0.1341165275 0.49154842583333336 0.0829785975 0.4982982766666667 0.08249583875000001 0.5395222816666667 0.08587277 0.5419328583333334 0.057409036249999996 0.5419328583333334 0.009649227500000001 0.5260219841666666 0.01157788375 0.49757516333333335 0.01543757375 0.44405704083333336 0.013990487499999999
0 0.36594949499999996 0.15003686125 0.374628045 0.12157312749999999 0.4025923941666667 0.12012603999999999 0.41151218083333335 0.10179310375 0.410306595 0.0419714625 0.4035567441666667 0.01013079625 0.3283416516666666 0.014956005000000001 0.3071271541666667 0.01157788375 0.3066452766666667 0.09214506500000001 0.31122578749999996 0.15872057125 0.32665418916666666 0.1471426875 0.36594949499999996 0.15003686125