0 0.126941 0.144411 0.231229 0.241319
0 0.323217 0.157950 0.248706 0.271246
0 0.573940 0.057954 0.268871 0.071256
0 0.850541 0.060805 0.200981 0.076006
0 0.846172 0.187165 0.254083 0.179564
0 0.583014 0.184552 0.262822 0.179089
0 0.376726 0.339565 0.166089 0.116859
0 0.553423 0.406202 0.295832 0.247877
0 0.841835 0.323868 0.289470 0.143890
0 0.902770 0.426904 0.134782 0.089279
0 0.873857 0.509110 0.223746 0.153723
0 0.759092 0.446709 0.136561 0.104368
0 0.726842 0.531430 0.106758 0.080162
0 0.105666 0.349579 0.183708 0.189448
0 0.226103 0.391156 0.189258 0.129829
0 0.162277 0.479212 0.150408 0.100411
0 0.301029 0.540008 0.178158 0.192194
0 0.137856 0.608256 0.163728 0.152186
0 0.123981 0.724357 0.135977 0.110609
0 0.355142 0.816531 0.439568 0.338104
0 0.616671 0.841009 0.112350 0.094329
0 0.455026 0.585507 0.153324 0.161513
0 0.611062 0.579750 0.174500 0.136368
0 0.727880 0.650334 0.140861 0.113309
0 0.605877 0.716358 0.182710 0.119191
0 0.853319 0.698734 0.267584 0.220495
0 0.835087 0.870810 0.310693 0.243855
0 0.623236 0.932557 0.092845 0.061161