0 0.176297 0.183097 0.264820 0.305444
0 0.301385 0.168992 0.167927 0.307207
0 0.456850 0.072687 0.176027 0.124293
0 0.416815 0.206016 0.094089 0.151179
0 0.549070 0.186623 0.203444 0.259605
0 0.808749 0.171417 0.373240 0.323515
0 0.914988 0.370418 0.153284 0.100052
0 0.527884 0.390913 0.412184 0.177184
0 0.167262 0.402373 0.292860 0.135753
0 0.853768 0.559502 0.273855 0.268420
0 0.460277 0.563920 0.548021 0.218153
0 0.698992 0.706641 0.097825 0.096591
0 0.696641 0.830151 0.094915 0.139027
0 0.711975 0.928483 0.102750 0.119076
0 0.477248 0.803205 0.349448 0.264874