0 0.089384 0.138193 0.144076 0.208958
0 0.231473 0.153821 0.158980 0.243024
0 0.346982 0.085515 0.088930 0.102899
0 0.324377 0.232137 0.146560 0.177000
0 0.293077 0.395791 0.204190 0.150309
0 0.118075 0.367521 0.199470 0.245482
0 0.469048 0.224602 0.118433 0.107033
0 0.472228 0.400710 0.138058 0.197448
0 0.511483 0.582679 0.197874 0.211039
0 0.475425 0.778816 0.177565 0.174398
0 0.155472 0.624656 0.272277 0.250452
0 0.321136 0.606705 0.132813 0.217400
0 0.655043 0.262385 0.303451 0.232467
0 0.705457 0.240992 0.068620 0.088548
0 0.589981 0.413515 0.062271 0.112456
0 0.706228 0.386526 0.155222 0.173503
0 0.718841 0.593123 0.218175 0.232622
0 0.890085 0.394076 0.207493 0.150048
0 0.812020 0.259130 0.130450 0.157117
0 0.933720 0.283227 0.060225 0.067795
0 0.938038 0.201938 0.111133 0.088358
0 0.902812 0.050766 0.056135 0.079040
0 0.923721 0.112777 0.062043 0.086751
0 0.961219 0.049320 0.068407 0.090286
0 0.909322 0.562969 0.168888 0.185773
0 0.920205 0.757290 0.149138 0.214266
0 0.763309 0.817267 0.208591 0.208852
0 0.627766 0.640614 0.063478 0.069250
0 0.626099 0.750064 0.119633 0.118718
0 0.585674 0.907232 0.240580 0.170062