0 0.145769 0.117688 0.222644 0.175767
0 0.136595 0.283776 0.239349 0.180412
0 0.389025 0.197124 0.278448 0.370762
0 0.602134 0.101330 0.187025 0.163068
0 0.600062 0.287639 0.256931 0.202184
0 0.769916 0.269406 0.129113 0.173470
0 0.169461 0.438707 0.264398 0.178838
0 0.392307 0.464518 0.214319 0.155015
0 0.595578 0.468346 0.202490 0.167685
0 0.779054 0.436790 0.056758 0.103967
0 0.135910 0.588658 0.126247 0.116533
0 0.143030 0.738098 0.228669 0.188543
0 0.356363 0.728226 0.266461 0.354631
0 0.571843 0.644278 0.151305 0.200270
0 0.725892 0.619533 0.133653 0.173847
0 0.850226 0.543560 0.109177 0.140923
0 0.827975 0.644639 0.057555 0.087238
0 0.931812 0.540834 0.075949 0.105273
0 0.578049 0.818238 0.181840 0.148279
0 0.746332 0.803527 0.141035 0.116533
0 0.877568 0.781217 0.136174 0.117016
0 0.091895 0.909243 0.134839 0.135261
0 0.226957 0.916163 0.167325 0.145327