0 0.063210 0.418257 0.107310 0.106166
0 0.188939 0.402469 0.080997 0.122182
0 0.174489 0.562991 0.113495 0.196315
0 0.053090 0.556620 0.085416 0.147708
0 0.118695 0.844238 0.207984 0.288295
0 0.340563 0.902373 0.178778 0.167907
0 0.341718 0.669565 0.203219 0.294257
0 0.333029 0.405618 0.113602 0.152385
0 0.219059 0.094843 0.106629 0.130754
0 0.326149 0.090239 0.058195 0.152485
0 0.324307 0.229833 0.050092 0.097973
0 0.228820 0.219335 0.074585 0.141067
0 0.486043 0.615716 0.070701 0.255805
0 0.615661 0.624868 0.151469 0.208213
0 0.753402 0.601530 0.053541 0.121267
0 0.750085 0.734695 0.062006 0.130419
0 0.651320 0.884732 0.147729 0.176618
0 0.503756 0.876525 0.130986 0.227174
0 0.758506 0.866676 0.057450 0.124749
0 0.440396 0.378843 0.088966 0.143133
0 0.522796 0.362757 0.047602 0.143789
0 0.574830 0.381469 0.053839 0.133941
0 0.534286 0.230785 0.108006 0.130658
0 0.800834 0.188066 0.115146 0.170832
0 0.925419 0.143876 0.101933 0.151617