0 0.269613 0.462607 0.176892 0.209402
0 0.454254 0.129274 0.074818 0.104701
0 0.455323 0.244124 0.079094 0.118590
0 0.545105 0.235577 0.085507 0.125000
0 0.671227 0.206731 0.149637 0.259615
0 0.505550 0.389875 0.057553 0.152038
0 0.601043 0.470366 0.127324 0.140994
0 0.743346 0.445723 0.079265 0.117911
0 0.433073 0.632935 0.236393 0.409780
0 0.638246 0.726321 0.171013 0.177917
0 0.759962 0.748125 0.050606 0.092447
0 0.050543 0.837498 0.088767 0.155367
0 0.220651 0.879147 0.067753 0.121324
0 0.226266 0.750036 0.068840 0.088367
0 0.294020 0.697161 0.051087 0.093438
0 0.457463 0.930243 0.104076 0.106190