0 0.128315 0.136991 0.212808 0.202898
0 0.210891 0.295553 0.198840 0.165339
0 0.218559 0.461473 0.306750 0.225356
0 0.052860 0.472895 0.072853 0.112678
0 0.214451 0.669211 0.323183 0.187022
0 0.394398 0.777167 0.186779 0.188421
0 0.294678 0.912486 0.134508 0.161639
0 0.399515 0.932900 0.144002 0.111861
0 0.350064 0.152393 0.200179 0.282448
0 0.426915 0.461029 0.138515 0.191444
0 0.616080 0.410611 0.220521 0.140295
0 0.503580 0.116138 0.158844 0.215801
0 0.640716 0.101037 0.132657 0.123245
0 0.597991 0.256189 0.204326 0.164652
0 0.620500 0.573618 0.194269 0.175551
0 0.604144 0.762855 0.205618 0.176495
0 0.754353 0.806271 0.106815 0.168944
0 0.877523 0.810518 0.176912 0.179326
0 0.880180 0.647281 0.214859 0.200806
0 0.816311 0.062259 0.070936 0.108419
0 0.931069 0.070972 0.116401 0.120422
0 0.854655 0.213078 0.263750 0.241232
0 0.865658 0.434375 0.258797 0.226302