0 0.210809 0.111300 0.134737 0.164539
0 0.384433 0.110913 0.198271 0.186994
0 0.583800 0.111107 0.191151 0.184284
0 0.740855 0.148660 0.132820 0.178864
0 0.607214 0.331008 0.147608 0.154086
0 0.393607 0.344559 0.207308 0.191253
0 0.153574 0.405535 0.261805 0.258230
0 0.716071 0.486450 0.045460 0.085560
0 0.594069 0.548975 0.230860 0.190478
0 0.383338 0.557492 0.190055 0.170347
0 0.151931 0.717385 0.235515 0.308172
0 0.068131 0.937094 0.071202 0.090206
0 0.387172 0.809721 0.201557 0.220289
0 0.574899 0.812044 0.153633 0.222612
0 0.757560 0.903024 0.153085 0.173057
0 0.764955 0.778555 0.148155 0.088270
0 0.733461 0.659700 0.109268 0.141697
0 0.905990 0.642665 0.130629 0.136277