0 0.085837 0.263174 0.159315 0.492526
0 0.183156 0.293447 0.066504 0.458856
0 0.247846 0.283104 0.110046 0.474105
0 0.342698 0.135060 0.076823 0.172278
0 0.406650 0.147969 0.050403 0.146157
0 0.515591 0.182093 0.119288 0.227389
0 0.604632 0.121395 0.050289 0.155519
0 0.194778 0.784237 0.094852 0.403141
0 0.094739 0.599049 0.115206 0.140269
0 0.300034 0.900951 0.070303 0.160048
0 0.685140 0.925713 0.078183 0.080024
0 0.668897 0.657331 0.136297 0.415371
0 0.671618 0.342066 0.081075 0.071116
0 0.676806 0.185263 0.056299 0.142534
0 0.759638 0.183150 0.108005 0.186320
0 0.858601 0.190850 0.064406 0.226181
0 0.934431 0.189491 0.112314 0.228295
0 0.346291 0.657700 0.136700 0.164410