0 0.7358490566037735 0.35684383946416026 0.026925685109098943 0.11680980932317833
0 0.7764868961665803 0.3551558364392589 0.02642706131078225 0.12018581537298118
0 0.814880928636962 0.3581942418840815 0.02642706131078225 0.12356182142278402
0 0.8535242730065021 0.365959055798628 0.023933942319198993 0.11748501053313888
0 0.8904224340819339 0.4000567169016367 0.023933942319198993 0.12626262626262627
0 0.9318082093422154 0.4095095338410847 0.03390641828553202 0.13976665046183764
0 0.7373449279987235 0.09891697725922324 0.024931189915832274 0.11410900448333604
0 0.5987275120666959 0.06718252039107654 0.0877577885037297 0.03308485928806784
0 0.0649507359687263 0.37169826608329276 0.027424308907415526 0.12491222384270508
0 0.4533786748573936 0.7163884837681628 0.08925365989867963 0.03376006049802838
0 0.4401651442020025 0.7690541781450874 0.09074953129362956 0.03376006049802838
0 0.387311021580438 0.8237454761518933 0.09374127408352946 0.031059255658186128
0 0.3763412980174718 0.8740479662939558 0.0907495312936296 0.03848646896775238
0 0.4167298256811201 0.9250256576459784 0.09573576927679602 0.027008048398422753
0 0.5954864573776377 0.6421163506725003 0.07828393633571337 0.02835845081834388
0 0.6005654582032834 0.6697048173185797 0.08046395721393854 0.026065314633572166
