0 0.16489623829600836 0.4319727891156463 0.08651371625691291 0.0360486074771789
0 0.12875759732793085 0.6081458224315367 0.09527459891584072 0.039537182394325236
0 0.14463669714723765 0.5180243037385894 0.12484257788972233 0.036048607477178855
0 0.08769095986420634 0.7447816733531019 0.037233751300443506 0.10582010582010581
0 0.1851557794447791 0.08718530147101579 0.13141323988391823 0.03953718239432525
0 0.7343536111263209 0.1523053665910809 0.12374746755735633 0.03488574917146346
0 0.7392816076219679 0.19300540729112162 0.1314132398839184 0.03023431594860166
0 0.8734326233368012 0.21451828594685737 0.0821332749274491 0.019768591197162642
0 0.8843837266604612 0.2389383103668818 0.1018452609100367 0.031397174254317095
0 0.8471499753600173 0.29998837141694285 0.029567978973881692 0.09535438106866675
0 0.4288178283962109 0.5360486074771789 0.027377758309149697 0.07907436478865047
0 0.9023024694737996 0.5872143729286586 0.19462848381974482 0.06744578173149604
0 0.736543831791053 0.793040293040293 0.23544872145868695 0.04651433222861801
0 0.28262059902535186 0.8273446130588987 0.0854186059245469 0.0407000407000407
0 0.6894540874993156 0.9692133263561834 0.18507364616985172 0.03372289086574812
0 0.46659913486283744 0.7918774347345775 0.05694573728303139 0.05581719867434152
