0 0.14111086254833655 0.5774971297359357 0.03962800805343391 0.09070034443168763
0 0.20630532741043747 0.7250287026406429 0.09970918155380139 0.07577497129735937
0 0.29962289476207216 0.7342135476463835 0.08948259883033463 0.07118254879448924
0 0.428094340225624 0.7841561423650976 0.046019622255600724 0.07003444316877176
0 0.5827714039180595 0.7428243398392653 0.12144066984116841 0.05396096440872574
0 0.6054616343357515 0.6974741676234213 0.08117350036751786 0.050516647531572936
0 0.6837589083122942 0.6498277841561423 0.06008117350036748 0.09988518943742822
0 0.7687673772011122 0.6997703788748564 0.13166725256463518 0.05510907003444323
0 0.5559266242689592 0.7996555683122847 0.11760570131986833 0.04822043628013771
0 0.6559553865328688 0.7996555683122847 0.08245182320795112 0.061997703788748575
0 0.5309993288805088 0.10160734787600458 0.08948259883033463 0.05740528128587829
0 0.37344603879709815 0.07807118254879447 0.10290498865488482 0.07692307692307691
0 0.5514524943274424 0.8501722158438577 0.08948259883033463 0.043628013777267584
0 0.568070691253076 0.8920780711825489 0.1188840241603017 0.05166475315729034
0 0.5789364353967594 0.9580941446613088 0.15723370937330228 0.061997703788748575
