0 0.3106825216231757 0.9443165835570899 0.08930646799035977 0.06009461705664221
0 0.29355525378940805 0.8298810893747602 0.13701814267014104 0.06648766142437025
0 0.5232441492029704 0.7365426416059327 0.09358828494880168 0.061373225930187875
0 0.49051883387773576 0.7928014320419384 0.09542334935956256 0.056258790436005596
0 0.48837792539851477 0.1522183863956016 0.08869477985343954 0.06137322593018792
0 0.890257031355134 0.2468354430379747 0.09603503749648284 0.05114435494182326
0 0.9211472822696076 0.3114051911520266 0.09542334935956256 0.060094617056642353
0 0.7382525293304462 0.5524229638153689 0.0929765968118814 0.06648766142437025
0 0.49235389828849657 0.8528960490985807 0.10888048837180854 0.05881600818309683
0 0.4957181830415581 0.9398414524996804 0.07890776966271508 0.05370157268891436
