0 0.8132441839164681 0.36228394247262174 0.043964095988276226 0.08988652856577385
0 0.7120351712767906 0.5548390288956326 0.054039201318922876 0.18472093943792056
0 0.6241696474195196 0.6407802723592197 0.12416964741951962 0.03220463746779538
0 0.6218702095043434 0.6840264998159735 0.12161471640265717 0.036805299963194656
0 0.2396525293817067 0.6780456385719544 0.049054675523760874 0.18494663231505334
0 0.21265618877617662 0.24285803882216436 0.03831250816317645 0.12386716422590861
0 0.16041185946275416 0.24207406942832949 0.03657103051939568 0.12543510301357835
0 0.09597718664286649 0.24638590109442124 0.04876137402586096 0.11837937846906452
0 0.21352692759806696 0.4992160306061651 0.04179546345073793 0.11916334786289946
0 0.1621533371065349 0.49216030606165134 0.03482955287561496 0.12073128665056912
0 0.10860289956027691 0.4823606886387155 0.04789063520397058 0.11681143968139479
