0 0.13319480960054284 0.7831111654641066 0.2442540921041472 0.11373364314540804
0 0.16796709354592496 0.3856548856548857 0.05427868713425493 0.15531368472544937
0 0.37108811805614456 0.027944233826586784 0.1263675684844372 0.05380946557417145
0 0.5988041726740735 0.03843096490155314 0.22898821134763794 0.07686192980310631
0 0.8201594436434568 0.14779258896905959 0.24934271902298366 0.08560596795890917
0 0.5966839114578917 0.11966491378256087 0.16538037486218302 0.0611471199706494
0 0.48049359681112713 0.5519750519750519 0.05003816470189124 0.12351718234071182
0 0.3846577898397083 0.49938852880029355 0.039860910864218384 0.1284089519383637
0 0.15651768297854302 0.6718234071175248 0.0703926723772369 0.16509722392075327
0 0.39907556610974476 0.7647670294729119 0.16368416588923754 0.0770453711630183
0 0.43554405902807225 0.8656597774244833 0.23153252480705622 0.06848477436712734
0 0.5394368586209821 0.9537116301822186 0.22898821134763808 0.06603888956830135
0 0.7417097786447291 0.5372997431820961 0.04494953778305494 0.1626513391219274
0 0.7302603680773471 0.8509844686315273 0.16283606140276488 0.07093065916595333
0 0.7467984055635654 0.9335330805919042 0.16368416588923754 0.057478292772410476
0 0.962640997370876 0.8014553014553015 0.05088626918836392 0.1259630671395378
