0 0.19379490286760065 0.1524131938158514 0.06491980857930729 0.06245700423621419
0 0.2086337162571566 0.22165900286034979 0.0673929441442333 0.059741482312900565
0 0.22053568116336295 0.2940729208153807 0.06708380219861756 0.061551830261776325
0 0.31606054235862935 0.2936203338281618 0.06708380219861751 0.06426735218508997
0 0.307868280799812 0.18183134798508274 0.06491980857930726 0.06155183026177629
0 0.29874859340414744 0.09991310329845396 0.06461066663369153 0.05702596038958689
0 0.8160976393921032 0.4244179731344365 0.06491980857930732 0.05974148231290052
0 0.8233624751140735 0.484159455447337 0.06646551830738609 0.06155183026177629
0 0.8468572629808703 0.5393750678880481 0.061519247177534035 0.045258698721894336
0 0.8304727398632356 0.6135993337919549 0.06399238274246001 0.05068974256852163
0 0.5162200909080806 0.27709804432006774 0.04956601949300405 0.04165175230223553
