0 0.18319495583333334 0.1051617375 0.169014095 0.104752465 0.15888471833333334 0.09411369875 0.14123086083333333 0.08265638750000001 0.14123086083333333 0.041328088750000005 0.12965459916666666 0.03559953875 0.10129273 0.03805454125 0.07322017833333333 0.040509755 0.0512252225 0.0617877075 0.025467804166666667 0.10925361875 0.021994955833333333 0.16449423124999998 0.03993827916666667 0.20786847125000002 0.09579391666666666 0.2430587375 0.16351528166666665 0.21687056875 0.2245802666666667 0.187818125 0.23615667666666668 0.11989259499999999 0.21763456999999997 0.11252716624999999 0.1866679525 0.11293643749999999 0.18319495583333334 0.1051617375
0 0.124155935 0.32612418750000005 0.12936513333333333 0.3355355575 0.13573219583333335 0.34740214 0.151649555 0.34944808 0.16033175083333334 0.36376966625 0.16004243333333332 0.37359030875000004 0.1759597925 0.38259240624999996 0.19071958416666668 0.37972813125000004 0.21329347166666668 0.38095552750000006 0.23065786333333335 0.3813648 0.2506270033333333 0.38054646499999994 0.25873041583333334 0.36990748875 0.2925910983333333 0.36745227625 0.2960639466666667 0.34290098625 0.3018520775 0.3253058525 0.3035885758333333 0.29952695625000003 0.311113205 0.26597335875 0.3079296733333333 0.2512425 0.2682808608333333 0.25656198875 0.26567626083333334 0.2234176625 0.2448388725 0.21605223375000002 0.22834258166666668 0.21687056875 0.18030089 0.21768890249999998 0.162357715 0.23528403625 0.16438353083333332 0.25615271624999997 0.13457448083333332 0.25328844125 0.1339956975 0.27538472875 0.12155118666666667 0.28152255125 0.12097240333333334 0.31098426625 0.124155935 0.32612418750000005
0 0.06453783416666667 0.42923998374999994 0.10013501500000001 0.43701468374999997 0.1111324925 0.45051793625000003 0.13110163166666666 0.46606712875 0.12936513333333333 0.50412167 0.10910667666666667 0.50616761125 0.10476557833333333 0.54135808625 0.14123086083333333 0.5536337325 0.15454362000000002 0.574911475 0.2286320475 0.57654835375 0.23470964416666665 0.57327480625 0.23789302666666667 0.54504069625 0.2668338275 0.5425854837499999 0.2703066766666667 0.55076945625 0.2983792283333333 0.544631425 0.3059038575 0.52949150375 0.3278988133333333 0.5319467175 0.34815741833333336 0.5008481225 0.32674124666666665 0.41655506625 0.37246765583333336 0.41041724375 0.368415875 0.39773232625 0.36291721083333334 0.35313068999999997 0.3032992583333333 0.3555859025 0.29982626083333336 0.36499727249999997 0.29027581583333334 0.3813648 0.26307151333333334 0.38013719375 0.21300400583333332 0.38627501625 0.208084125 0.40427942125 0.1991124625 0.4149183975 0.18522092 0.39445898874999996 0.17248694333333334 0.39241283875 0.15946365 0.38054646499999994 0.15512255166666666 0.36704321375 0.144993175 0.36049611875 0.0648273 0.36704321375 0.06424851666666666 0.3846383475 0.06453783416666667 0.42923998374999994
0 0.5070421366666666 0.53808454 0.4809954008333333 0.52376274375 0.489677745 0.49307363125000003 0.4969129083333333 0.378500525 0.43845252249999994 0.37604531125 0.40314480750000004 0.41655506625 0.36754762583333334 0.42023788500000003 0.368415875 0.4603383675 0.36639005916666667 0.52703629125 0.3944626116666667 0.5454499687500001 0.42542922833333335 0.55322446 0.48360014833333337 0.56386343625 0.5070421366666666 0.53808454
0 0.06598486666666666 0.654294315 0.13631097916666665 0.68989385375 0.18174792250000002 0.7283576675000001 0.20113827916666668 0.75904699 0.28853946583333334 0.76968575625 0.3551031158333333 0.7099442 0.3770980708333333 0.586368785 0.24397062333333333 0.5773666875 0.21445103833333334 0.57654835375 0.17306572666666667 0.57900335625 0.13312744833333334 0.57245647125 0.09116335333333334 0.5736840775000001 0.06858961416666666 0.601508915 0.06598486666666666 0.654294315
0 0.3229789316666667 0.8228804275 0.34699970333333335 0.82860918875 0.36060192916666667 0.85193308125 0.37391468833333336 0.8650270612500001 0.40661765583333337 0.8760751 0.44308308583333333 0.8719832175000001 0.45205474749999996 0.8380205574999999 0.4862047475 0.82533564125 0.4911247775 0.76968575625 0.4737602375 0.7594560525 0.4587111275 0.7349047625 0.44829243333333335 0.70830732125 0.3837544508333333 0.6972592824999999 0.3443951041666667 0.7299945462499999 0.32992462916666665 0.7369507025 0.31053442166666667 0.7508632262499999 0.2946169141666667 0.79055443625 0.3229789316666667 0.8228804275
0 0.3087979225 0.9898298725 0.32008486666666663 0.96241430625 0.3290565283333333 0.90717369375 0.36870534083333334 0.86748227375 0.3478679525 0.83679295125 0.2856452525 0.831882735 0.23326261166666667 0.8277908537499999 0.23181557833333333 0.9914667500000001 0.3087979225 0.9898298725
0 0.38549094916666665 0.94400062875 0.4245609791666667 0.92926977125 0.42890207750000003 0.9030816025 0.42369273 0.88016698125 0.3556818991666667 0.88671407625 0.3333976258333333 0.909219635 0.32384718083333336 0.9607774287499999 0.3400540058333333 0.98410132125 0.39938249249999996 0.97919089625 0.38549094916666665 0.94400062875
0 0.42514495583333334 0.16428151875000002 0.42603531166666664 0.11329767125 0.40911854583333335 0.05476043625 0.39353724 0.01699454625 0.3445676558333333 0.013217956250000001 0.29782403583333333 0.0075531775 0.25464184 0.0075531775 0.2573129083333333 0.21400671249999997 0.2831332341666667 0.22722467000000002 0.3169666175 0.24358988875 0.32542507416666666 0.3159746175 0.4291514833333333 0.29016781999999997 0.4554170625 0.22911306875 0.42514495583333334 0.16428151875000002
0 0.5765053408333334 0.08056723249999999 0.5582531158333333 0.0509838475 0.5248648366666667 0.02140067125 0.5012703266666667 0.01195909375 0.442506825 0.009441367499999999 0.43093219583333336 0.16302265625 0.46298501499999994 0.20960058750000002 0.5395556383333333 0.21023012375 0.5733891691666667 0.1491751625 0.5765053408333334 0.08056723249999999
0 0.6967034125 0.08623201124999999 0.6829029675 0.044689532500000004 0.6067774483333334 0.0509838475 0.5907510383333333 0.13847493125 0.596093175 0.15861674 0.6762252225000001 0.16616991875 0.7073876858333333 0.1409926575 0.6967034125 0.08623201124999999
0 0.5245494066666667 0.32945500375000003 0.5775255191666666 0.33449045499999996 0.6514250741666667 0.33700818125 0.7008399108333333 0.32882546625000003 0.7035109791666666 0.280359345 0.6790261125 0.22748709875 0.6514250741666667 0.20860415375 0.6483089016666667 0.17650304125000002 0.5886550441666666 0.16769100125000003 0.573964095 0.19727438625000002 0.5245494066666667 0.21804552125 0.5245494066666667 0.32945500375000003
0 0.5582531158333333 0.4871797775 0.6228038575 0.4915859025 0.70961365 0.4808854625 0.7033811575 0.40535368125 0.6708830858333333 0.34492846625 0.5929770033333334 0.3474461925 0.5057221066666667 0.39150639875000004 0.5012703266666667 0.47207342124999996 0.5582531158333333 0.4871797775
0 0.527535905 0.6596440112499999 0.5600338275 0.6634206 0.7087232941666667 0.669714915 0.7162912466666667 0.59481267 0.6989293766666667 0.54382861375 0.6717734425 0.52809293 0.6544115725 0.5060627225000001 0.6321526708333334 0.4953624925 0.5751698816666666 0.4915859025 0.5533562316666667 0.5123570375 0.5346587533333333 0.5671176837499999 0.527535905 0.6596440112499999
0 0.660644065 0.8472145999999999 0.7056069733333333 0.82392553 0.7158461425 0.74021124375 0.6775608308333333 0.6753799037500001 0.5391105341666667 0.6747503675000001 0.5097287833333333 0.7672769037499999 0.548014095 0.8503616525 0.660644065 0.8472145999999999
0 0.8128949558333333 0.83903188625 0.7857390208333334 0.79434235375 0.7786161725 0.7540587375 0.7714933233333333 0.7414701075000001 0.7185172108333333 0.736434655 0.6998197333333334 0.87428005 0.71406543 0.895051395 0.7826228483333334 0.89568072125 0.8128949558333333 0.83903188625
0 0.7968145400000001 0.80244493375 0.8211041541666666 0.811658905 0.8240661725 0.8895580025 0.8827164691666667 0.90212229875 0.9395894658333332 0.8761558637500001 0.9573623141666667 0.78234193375 0.8809393175000001 0.7429735687500001 0.8637589016666667 0.7170071325 0.8074783383333334 0.7178447662499999 0.7914827891666667 0.72789637125 0.78970549 0.77899139875 0.7968145400000001 0.80244493375
0 0.8821240358333333 0.742135935 0.9466986649999999 0.74799937125 0.9834290800000001 0.7044428362499999 0.9869836791666667 0.58298720375 0.9686185458333334 0.55450786625 0.9478835308333333 0.5335672325 0.9218167658333334 0.53608013375 0.9135226999999999 0.52686616375 0.8169571216666667 0.5235158375000001 0.767193175 0.5855001049999999 0.8051086049999999 0.71198133 0.83650727 0.71449423125 0.8750149850000001 0.7170071325 0.8821240358333333 0.742135935
0 0.9203044508333332 0.52697042125 0.9285292283333333 0.5349269975 0.962726855 0.52391021625 0.9899982199999999 0.5043247325 0.9964915433333335 0.46454185000000003 0.9969243325 0.42781917375 0.9912968841666666 0.36661464250000003 0.9562335308333333 0.3378485425 0.9207373883333334 0.32071134874999996 0.8913014833333334 0.326219635 0.8661943616666667 0.32438367999999995 0.83589273 0.32132347375000003 0.8181446591666667 0.3158149775 0.806456825 0.329891965 0.7830813058333334 0.356209985 0.7471522258333333 0.37824355 0.7341657266666667 0.40517348374999995 0.7406589016666666 0.44495636625 0.7501823441666666 0.47249842625 0.7532124625000001 0.5018764425 0.7679304158333333 0.49759219625 0.80775549 0.52268596625 0.8255035608333333 0.515341515 0.878314985 0.5220740512500001 0.9203044508333332 0.52697042125
0 0.8951973291666667 0.32315942999999997 0.9155427300000001 0.31887518375 0.9328580116666666 0.3152028525 0.9661899108333334 0.2888850425 0.97441454 0.23808537875 0.9718173591666666 0.19156995999999998 0.9488746291666666 0.17076043625 0.9475759641666667 0.12914138875 0.9207373883333334 0.1224088525 0.8861069733333333 0.1224088525 0.8484462908333333 0.11812460625 0.8263692875 0.11812460625 0.80775549 0.13036542875 0.7995307125000001 0.1505630375 0.7739908008333333 0.16708810625 0.7454206233333333 0.18300125874999998 0.74628635 0.23318900750000002 0.7887087533333333 0.30418607125 0.8198761124999999 0.30724627625 0.8744191391666667 0.3152028525 0.8951973291666667 0.32315942999999997
0 0.8501379825 0.051026431250000004 0.8510111275 0.0160486675 0.8341305641666666 0.0061724349999999996 0.8117203266666667 0.0053494862499999995 0.7837801183333334 0.007406965 0.79338457 0.03127417625 0.7849442133333333 0.07201300625 0.7765040058333333 0.099583595 0.7762129083333333 0.10369876250000001 0.8137575666666667 0.1168667925 0.8448992583333333 0.11275162625 0.84460816 0.0839465075 0.8501379825 0.051026431250000004