0 0.15916666666666668 0.338125 0.21 0.219375
0 0.247179335 0.6752831937499999 0.23975653166666666 0.63399159625 0.195219715 0.48002605000000004 0.048248218333333336 0.5087537812499999 0.04379453666666667 0.8866352937499999 0.1239608075 0.8768378149999999 0.15266211416666667 0.871938655 0.21748812333333334 0.8383462187499999 0.25658135416666666 0.70887563 0.247179335 0.6752831937499999
0 0.5449988124999999 0.804386555 0.5524762466666666 0.75524201625 0.58590677 0.74217815125 0.5683117575 0.7073420162499999 0.48209738750000003 0.707963865 0.4244744658333333 0.7017428575 0.3699305225 0.6992546212499999 0.31978562916666664 0.7004983187499999 0.2744786225 0.7323369750000001 0.27403919250000003 0.83922353 0.35365558166666666 0.8827689075 0.44558788583333336 0.8840134449999999 0.494853325 0.8840134449999999 0.518166865 0.83673529375 0.5449988124999999 0.804386555
0 0.5647630641666667 0.51955462125 0.5644334916666667 0.47616470624999996 0.5350718525 0.47009915999999996 0.31271793333333336 0.47149831875 0.263232185 0.5428823524999999 0.2454174583333333 0.633862185 0.24409798083333334 0.64925882375 0.2682108075 0.6781042012499999 0.4466876483333333 0.68098571375 0.5591846791666667 0.6889168062500001 0.5994026125 0.64645966375 0.5740005941666666 0.6138 0.5535463183333333 0.54941428625 0.5647630641666667 0.51955462125
0 0.6266496433333333 0.46004621874999996 0.5735350358333333 0.4680201675 0.5705659141666666 0.54776050375 0.6022369358333333 0.62707563 0.627638955 0.62381008375 0.6464435866666667 0.535163025 0.650732185 0.4843075625 0.6266496433333333 0.46004621874999996
0 0.7663634208333334 0.86814537875 0.7944049883333333 0.7687672275 0.7571258908333334 0.66938907625 0.7498681708333333 0.6325310925000001 0.7112695958333333 0.6311310925 0.6993931116666667 0.6204 0.65023753 0.6166680675 0.6274744658333333 0.6269319325 0.6113087883333334 0.63066470625 0.5868960808333333 0.8111579837499999 0.5898652016666667 0.8303537812499999 0.6515570075 0.8914731087500001 0.672340855 0.88027563 0.7043414491666666 0.88120840375 0.7663634208333334 0.86814537875
0 0.8475190025 0.4798445375 0.7802191208333333 0.47937815125 0.7041763658333333 0.48132605 0.7020320666666667 0.5946184875 0.7333729216666667 0.622612605 0.7983634208333333 0.624012605 0.812219715 0.54189747875 0.883808195 0.51017142875 0.8475190025 0.4798445375
0 0.4536157958333334 0.18975798375 0.36091330166666663 0.18882437 0.30812886 0.19442353 0.2924584325 0.2166201675 0.2939429925 0.42957058875000004 0.3219845608333334 0.464563025 0.5275136583333333 0.46502941124999997 0.5433491683333334 0.387113445 0.5397203091666666 0.2168184875 0.4536157958333334 0.18975798375
0 0.4195833333333333 0.105625 0.21625 0.153125
0 0.5921745841666667 0.01981008375 0.5710611641666667 0.03244621875 0.5733705466666666 0.17517563 0.6462785033333334 0.19990336125 0.6828978625000001 0.19383781500000002 0.7013723275 0.1630445375 0.6974133016666667 0.02027647 0.5921745841666667 0.01981008375
0 0.6446294533333333 0.23012521 0.5532464366666666 0.22642353 0.5572048691666667 0.37429327749999997 0.5855766033333333 0.42234874 0.6588147266666666 0.41348403375 0.6914750591666667 0.3472327725 0.6881763658333333 0.283313445 0.6446294533333333 0.23012521
0 0.7663634208333334 0.2135554625 0.6957642516666667 0.21311848749999998 0.6947743466666666 0.46176722750000004 0.7403010691666666 0.4734310925 0.81122981 0.47389747875 0.8501585508333332 0.40391344500000004 0.8419109266666667 0.22988571375 0.7663634208333334 0.2135554625
0 0.8092505941666667 0.03637479 0.7140736341666667 0.04014958 0.7125890733333333 0.19547226875 0.749538005 0.20480336125 0.8630243466666667 0.20107142875 0.8732517816666666 0.15954705875 0.8732517816666666 0.0587697475 0.8092505941666667 0.03637479
0 0.9316666666666666 0.131875 0.09416666666666666 0.14375
0 0.9341666666666667 0.285 0.1 0.129375
0 0.93375 0.431875 0.10041666666666667 0.133125