0 0.28700964416666663 0.2045533875 0.287998665 0.06758527375 0.2415100891666667 0.00832850875 0.10072537083333334 0.00972603375 0.035113798333333335 0.068060415 0.03313546 0.35736123375 0.10534124666666667 0.38577973625 0.28635014833333333 0.38624564749999996 0.28700964416666663 0.2045533875
0 0.39795578666666664 0.40867463875 0.3883943616666667 0.15361317375 0.38542700333333335 0.135443885 0.38575667666666663 0.06276693875 0.3574019291666667 0.02922383 0.30036276 0.030621355000000003 0.29179035583333335 0.0652634775 0.2904715133333333 0.35735850625 0.31355089 0.39656198875000004 0.35938011833333333 0.40681120249999997 0.39795578666666664 0.40867463875
0 0.6196835308333333 0.36839878374999996 0.6790307125 0.37119404250000004 0.7152983683333333 0.26543969 0.7225519291666667 0.18111600625000002 0.7208968841666668 0.03375561125 0.4980151333333333 0.031426263749999996 0.3877348666666667 0.056173275 0.3869106825 0.12881896375000002 0.4192219583333333 0.31749947500000003 0.5039565283333334 0.39122676749999996 0.6196835308333333 0.36839878374999996
0 0.8262446591666667 0.1991466325 0.8437191391666667 0.18470442625 0.8615232941666666 0.17678435125 0.8737224033333333 0.16746696 0.8743817508333332 0.10550514 0.8625123141666667 0.06823494875 0.8519617208333333 0.03981644625 0.8503132050000001 0.017920285 0.7319485166666666 0.014917348749999998 0.7299703266666666 0.22290623 0.7744807125 0.26856240875000004 0.8232773 0.26902811 0.8262446591666667 0.1991466325
0 0.7825586050000001 0.35140067125 0.7723376858333333 0.27872372500000003 0.7525551925 0.25216866 0.7413452524999999 0.2451804075 0.71958457 0.2554600375 0.6981537091666666 0.33695846500000004 0.7360698816666666 0.38168261000000003 0.766073145 0.37748982624999994 0.7825586050000001 0.35140067125
0 0.7970655783333334 0.56765303125 0.8313550441666666 0.54622278125 0.8310253708333334 0.39434675875 0.7924497033333334 0.35288357499999995 0.7680514833333334 0.38130207624999995 0.7528850149999999 0.38549507 0.7161227 0.3953102575 0.7182657266666667 0.51128193875 0.7387075666666667 0.5648577725 0.7970655783333334 0.56765303125
0 0.4208446591666667 0.5374279425 0.4160968841666667 0.54497503625 0.40640356083333334 0.58550639875 0.406601335 0.65477239375 0.43251632083333336 0.658406335 0.4439900591666666 0.69949674875 0.4685201783333333 0.6939062300000001 0.4742571216666667 0.7070438425000001 0.5027694358333333 0.75120914625 0.585657715 0.75568156125 0.682591395 0.72852464875 0.6837783383333333 0.66360855875 0.6774480708333334 0.6384512275 0.6780415433333333 0.5691285924999999 0.7031651333333334 0.5075533875 0.7090998516666667 0.4365535975 0.6754697333333333 0.3904317175 0.5692382791666666 0.38623893375 0.4914934716666666 0.43535326249999995 0.4536833825 0.4716710725 0.42480118666666666 0.53882546625 0.4208446591666667 0.5374279425
0 0.422848665 0.532734215 0.424826855 0.43070715375 0.360534125 0.41701027875 0.32868442166666667 0.409462975 0.28516320500000003 0.40500671250000003 0.289713205 0.5590098600000001 0.3805143916666667 0.5615254875 0.41196839749999997 0.532734215 0.422848665 0.532734215
0 0.17583333333333334 0.5025 0.21 0.1275
0 0.10771513333333334 0.7240532825 0.10949554916666666 0.7394271025000001 0.1775470325 0.75116719125 0.2121661725 0.740265785 0.24817017833333332 0.7114745125 0.2523244808333333 0.70169100125 0.2732937683333333 0.70141158 0.2669633533333333 0.60301825 0.09139465916666667 0.5988393125 0.09109792250000001 0.7083996225 0.09109792250000001 0.715387875 0.09465875333333333 0.7232146 0.10771513333333334 0.7240532825
0 0.10405534083333334 0.73247304375 0.0838773 0.71570128 0.06983189916666666 0.6684612962500001 0.018694361666666666 0.6684847912499999 0.019782344166666667 0.7704885674999999 0.05875370916666667 0.7894963287500001 0.094757715 0.76937046375 0.10405534083333334 0.73247304375
0 0.37131557833333334 0.6140681775 0.3325419883333333 0.57603587125 0.29831854583333334 0.5785517099999999 0.2755686941666667 0.6288663725 0.2811078633333333 0.7048976299999999 0.2575667658333334 0.70545668125 0.25776454 0.7035001049999999 0.2566037975 0.70708791375 0.2795252225 0.75047703 0.3109792283333333 0.7566266 0.3186943616666667 0.7761936224999999 0.3495548958333333 0.776752675 0.3727002966666667 0.7102252987500001 0.37131557833333334 0.6140681775
0 0.4297725516666667 0.8187128174999999 0.44876365 0.77762240375 0.44579629083333333 0.72898489625 0.4533135016666666 0.7155676525 0.4533135016666666 0.70187077875 0.4242333825 0.69600083875 0.39772507416666664 0.66357562375 0.3789317508333333 0.67519760875 0.3775470325 0.71472897 0.36429273 0.76672099875 0.39495549 0.8139609812499999 0.4297725516666667 0.8187128174999999
0 0.6724035608333333 0.9104661212499999 0.6824925816666666 0.8646236625 0.6785360533333333 0.7816043637500001 0.5950544508333333 0.76567128125 0.5243323441666666 0.7863786450000001 0.52462908 0.9473635412500001 0.5566765575 0.9694461925 0.6089020775 0.91829284625 0.6724035608333333 0.9104661212499999
0 0.301285905 0.96261527125 0.39446097916666667 0.97100104875 0.5121661725000001 0.9693238937499999 0.5196835308333333 0.9388554650000001 0.5222551925 0.86030858 0.5222551925 0.7887497375 0.46369925833333336 0.78763163375 0.43184970333333333 0.8426983425 0.38852626083333336 0.815584225 0.36815029666666665 0.8058009225 0.32967359083333336 0.83127061 0.33115727 0.93186742125 0.32997032666666665 0.94416656125 0.3010879825 0.94724124125 0.301285905 0.96261527125
0 0.327398665 0.91158737125 0.3196835308333333 0.81682777375 0.2567755191666667 0.76287916875 0.14243323416666667 0.79393056375 0.1420375375 0.9090715337499999 0.2340256675 0.92304782875 0.31513353083333334 0.9289179774999999 0.327398665 0.91158737125
0 0.13095949583333333 0.89566729625 0.1380811575 0.88560436375 0.13867462916666667 0.8045416400000001 0.09495549 0.7791048875 0.08447077166666667 0.7796639399999999 0.051829821666666664 0.80649842625 0.0237388725 0.80777575 0.02433234416666667 0.9454231175 0.08902077166666666 0.9593994125 0.12344213666666666 0.9471002725 0.13095949583333333 0.89566729625