0 0.83 0.56625 0.145 0.12
0 0.6808333333333333 0.86 0.24208333333333334 0.15625
0 0.7653210683333334 0.6670140550000001 0.7352207716666667 0.5463150825 0.5936678041666668 0.54549591 0.5908206233333333 0.76529767125 0.7669480708333333 0.7658724562499999 0.7653210683333334 0.6670140550000001
0 0.39375 0.75625 0.21291666666666667 0.235
0 0.16208333333333333 0.579375 0.09083333333333334 0.1525
0 0.27900712166666664 0.642845815 0.3001976258333333 0.62804678 0.3001976258333333 0.5031151662500001 0.21592299666666667 0.5038244175 0.2142181008333333 0.6562683025 0.27900712166666664 0.6559240612499999 0.27900712166666664 0.642845815
0 0.14958333333333335 0.8225 0.2575 0.326875
0 0.10333333333333333 0.3425 0.16916666666666666 0.139375
0 0.08625 0.170625 0.13833333333333334 0.200625
0 0.39708333333333334 0.933125 0.20416666666666666 0.10875
0 0.8569421366666667 0.28587056875 0.7823501483333334 0.38795301000000004 0.7820043025 0.43997818375000003 0.9007517799999999 0.43834906625000003 0.9000600891666667 0.2855447875 0.8569421366666667 0.28587056875
0 0.9479166666666666 0.35375 0.059583333333333335 0.136875
0 0.2529166666666667 0.113125 0.19208333333333333 0.13
0 0.37083333333333335 0.11625 0.03333333333333333 0.049375
0 0.4320833333333333 0.118125 0.045 0.05375
0 0.21125 0.231875 0.07125 0.078125
0 0.41125 0.2425 0.10875 0.101875
0 0.4375 0.35375 0.16125 0.1075
0 0.26166666666666666 0.335 0.04625 0.111875
0 0.23269985166666668 0.3382125025 0.23235296749999998 0.296070275 0.19559273 0.29509020375 0.19593946583333335 0.42102685125 0.13316943583333335 0.42756744249999995 0.13316943583333335 0.460228865 0.2254170625 0.45924879375000005 0.23790178000000003 0.42298699375 0.23269985166666668 0.3382125025
0 0.7539335308333334 0.43033543125 0.8191310091666667 0.3058691 0.8191310091666667 0.26666687625 0.6689685458333333 0.26870065 0.6668878341666666 0.49158862999999997 0.7539335308333334 0.49060855875000003 0.7539335308333334 0.43033543125
0 0.635 0.283125 0.051666666666666666 0.12875
0 0.6016902075 0.483023705 0.5999562316666667 0.35610719500000004 0.5337182491666667 0.36505055625 0.5312908008333334 0.4482036925 0.45985088999999996 0.4526421225 0.46123813083333337 0.48596391875 0.6016902075 0.483023705
0 0.5841666666666666 0.118125 0.16458333333333333 0.135625
0 0.5616666666666666 0.265625 0.07208333333333333 0.131875
0 0.7354166666666667 0.098125 0.042083333333333334 0.044375
0 0.7954166666666667 0.1 0.03833333333333333 0.048125
0 0.7341666666666666 0.21625 0.10916666666666666 0.086875
0 0.91625 0.125 0.15083333333333335 0.13375
0 0.8758333333333334 0.233125 0.06958333333333333 0.0775