0 0.38625 0.309375 0.12541666666666668 0.298125
0 0.3045833333333333 0.63625 0.0375 0.134375
0 0.225 0.476875 0.09833333333333333 0.17875
0 0.235 0.669375 0.09916666666666667 0.1975
0 0.18538439250000002 0.615463185 0.184889845 0.5958963712500001 0.17252674166666668 0.5578109925 0.0882105925 0.55746150625 0.08759238916666666 0.6647298087500001 0.0811636375 0.7678053287500001 0.17339218166666667 0.7688533674999999 0.18538439250000002 0.615463185
0 0.082956235 0.55063855625 0.013846673333333333 0.5509880425 0.013352125 0.76168114125 0.06354625 0.765874135 0.0827089975 0.69843822125 0.082956235 0.55063855625
0 0.13376848916666667 0.9583561987500001 0.06132089583333333 0.7958812675 0.008406869166666667 0.79413425625 0.009519545833333334 0.97512775375 0.026827905833333332 0.9905017825 0.11720198833333333 0.98980281125 0.13376848916666667 0.9583561987500001
0 0.2310041541666667 0.786621775 0.100326385 0.7784419975 0.10045004083333332 0.8659372775 0.13889919166666667 0.95888000875 0.2340948741666667 0.9595787712499999 0.2310041541666667 0.786621775
0 0.255 0.84 0.0375 0.105625
0 0.31570358249999997 0.8207400875 0.31659372416666665 0.7880354525 0.2790965058333333 0.7862710300000001 0.2790965058333333 0.89773211625 0.30709888 0.90180281125 0.308384615 0.84925194 0.31570358249999997 0.8207400875
0 0.32277523916666667 0.9512483737499999 0.3662933016666667 0.9520870562499999 0.38923915166666667 0.9066782037500001 0.38142571 0.81108013375 0.32366538083333335 0.8082848749999999 0.32050048249999996 0.8058223200000001 0.31100563750000004 0.84271995 0.32277523916666667 0.9512483737499999
0 0.46776945333333336 0.9469492337500001 0.49705415 0.88573295625 0.4903286108333333 0.8516307949999999 0.46125064916666664 0.83905202375 0.44690950249999994 0.7817491087499999 0.399336325 0.7800719524999999 0.384096135 0.8128103625 0.39062384083333335 0.91200839125 0.4360210666666667 0.950303545 0.4461093391666666 0.97238619625 0.46776945333333336 0.9469492337500001
0 0.5174195533333333 0.9460954475 0.5506515091666666 0.9047256137499999 0.54906906 0.7702733374999999 0.49783643666666666 0.76608034375 0.4717256141666667 0.834284875 0.49190215833333334 0.8443478075 0.49348468249999994 0.86056031 0.5174195533333333 0.9460954475
0 0.5866666666666667 0.875 0.055 0.180625
0 0.6516666666666666 0.860625 0.05625 0.154375
0 0.7254166666666667 0.86375 0.07125 0.168125
0 0.8507991991666667 0.8542290749999999 0.8124837916666666 0.88486029 0.8010350125 0.8762318025 0.7914179958333333 0.8611319487500001 0.7634829016666667 0.86328907125 0.7634829016666667 0.9508684712500001 0.8069884283333334 0.97804824875 0.8610267783333334 0.8947830925 0.8507991991666667 0.8542290749999999
0 0.8002717158333333 0.87062324375 0.8050039316666667 0.8758002937499999 0.8106520291666667 0.87666331 0.81920043 0.8753689950000001 0.8265277058333333 0.86458338625 0.8376711666666667 0.84862051625 0.8561419033333334 0.80288944875 0.8387397816666667 0.75758988875 0.7929445141666667 0.75025571625 0.7653147391666667 0.833089365 0.7720313775 0.8533662674999999 0.7935551516666667 0.8520719525 0.8002717158333333 0.87062324375
0 0.7922575475 0.7266022649999999 0.800500705 0.74294545875 0.8833901049999999 0.7434277324999999 0.8824742233333335 0.49665261125 0.7925628666666666 0.49794692625000003 0.7922575475 0.7266022649999999
0 0.7195833333333334 0.639375 0.12291666666666666 0.2675
0 0.6191666666666666 0.66125 0.07041666666666667 0.174375
0 0.5629166666666666 0.653125 0.0375 0.165
0 0.5141666666666667 0.666875 0.04375 0.173125
0 0.4579166666666667 0.665 0.050416666666666665 0.211875
0 0.56625 0.51125 0.12083333333333333 0.1025
0 0.5625 0.326875 0.12583333333333332 0.255625
0 0.37666666666666665 0.514375 0.08583333333333333 0.085625
0 0.3779166666666667 0.6375 0.08791666666666667 0.120625
0 0.4725 0.3025 0.03875 0.234375
0 0.38416666666666666 0.08375 0.13666666666666666 0.14
0 0.56375 0.101875 0.11875 0.18125