0 0.35625 0.12125 0.16541666666666666 0.18875
0 0.21541666666666667 0.09875 0.06166666666666667 0.10875
0 0.5108333333333334 0.085 0.07791666666666666 0.110625
0 0.6475 0.129375 0.135 0.2075
0 0.0775 0.3775 0.09208333333333334 0.315
0 0.20854584583333333 0.57153115125 0.2858565283333333 0.5824652825 0.29629347166666664 0.53107489 0.25570534083333335 0.53107489 0.2804448075 0.4682036925 0.27039436166666664 0.40095888375 0.3187135016666667 0.22437256125000002 0.127079525 0.22080344 0.1269829375 0.45234927625 0.1389661725 0.56770421625 0.20854584583333333 0.57153115125
0 0.2951887241666667 0.531499475 0.30601899083333334 0.56482546625 0.43869688416666663 0.5627405075 0.4397348666666666 0.43649171375 0.41911424333333336 0.35568323874999996 0.4178253708333333 0.29136333125 0.4541262608333333 0.27465491875000003 0.4500452525 0.22118774875 0.3251884275 0.22148667875 0.27285133500000003 0.41405496124999996 0.2831336791666667 0.47451038375000004 0.25265608333333334 0.52836501 0.2951887241666667 0.531499475
0 0.43808308583333333 0.4392318025 0.442257715 0.55485861125 0.5337773 0.53285945 0.5337773 0.4668860925 0.5472741841666666 0.46052318 0.5470373883333334 0.28291671874999996 0.582792285 0.2685162575 0.5524835308333333 0.203144535 0.45356424333333334 0.20818816874999999 0.4561734425 0.272715335 0.41912299666666664 0.30863331250000003 0.42138427333333334 0.35931193624999996 0.43808308583333333 0.4392318025
0 0.5671643916666667 0.5617530937499999 0.7509881308333333 0.54199454625 0.7320451041666667 0.241939795 0.5830882791666666 0.24113257875 0.54490638 0.38699937125 0.5446695841666667 0.46072834125 0.5316462908333334 0.47177952625 0.5671643916666667 0.5617530937499999
0 0.09083333333333334 0.648125 0.10458333333333333 0.170625
0 0.2811807125 0.7505366062500001 0.2783261125 0.57642689375 0.152544065 0.5765345075 0.1512952525 0.75255527625 0.24478427333333333 0.75558317625 0.2811807125 0.7505366062500001
0 0.3884047475 0.56310446875 0.28502581583333336 0.56539081125 0.28717819 0.7475961825 0.39701424333333335 0.74243046 0.40510192916666665 0.6601470525 0.3884047475 0.56310446875
0 0.5664968841666667 0.7206603737499999 0.5675405041666667 0.59594399 0.4802391691666667 0.54834508125 0.40405830833333334 0.57092406125 0.40291691416666664 0.6726924687499999 0.4099609791666667 0.73320579 0.5664968841666667 0.7206603737499999
0 0.6379166666666667 0.6225 0.11166666666666666 0.140625
0 0.7341666666666666 0.6225 0.07208333333333333 0.140625
0 0.08367804166666667 0.82457982 0.0205525225 0.832434445 0.022607715 0.9881887974999999 0.10246899083333333 0.98694294125 0.078099555 0.92756198875 0.08367804166666667 0.82457982
0 0.14005074166666667 0.78762240375 0.08477908 0.788846025 0.0795675075 0.92922299125 0.11010267083333335 0.9898498012500001 0.14181231416666668 0.9881887974999999 0.14005074166666667 0.78762240375
0 0.3956946591666667 0.987826725 0.3963787833333333 0.75463562 0.3050974775 0.7535823374999999 0.24145014833333334 0.7555129012499999 0.1537247775 0.7533668975000001 0.1452961425 0.79430711125 0.14700652833333333 0.9805697499999999 0.3956946591666667 0.987826725
0 0.6303551925 0.99149423125 0.64838635 0.71982357875 0.4231807125 0.7285313612500001 0.40257359083333333 0.7505296837500001 0.4007336791666667 0.98524900375 0.6303551925 0.99149423125
0 0.7020833333333333 0.788125 0.10291666666666667 0.184375