0 0.09041666666666667 0.12375 0.0975 0.1425
0 0.22299703249999997 0.50801069875 0.22549332333333336 0.5309374875 0.46637997000000003 0.52741032125 0.44599406499999994 0.040837633750000005 0.19221008916666668 0.05147031625 0.14810994083333334 0.20395385000000002 0.09693709166666667 0.20512964125 0.10068145416666667 0.45275120625 0.22299703249999997 0.50801069875
0 0.13455905083333333 0.6108317600000001 0.17516824916666665 0.4982406125 0.14399807083333332 0.47901006875 0.035560534166666664 0.4796631 0.027438575833333333 0.56523704625 0.07221854583333333 0.63068261 0.13455905083333333 0.6108317600000001
0 0.17407077166666668 0.7177990350000001 0.15892462916666666 0.63963645875 0.0352311575 0.64213719375 0.029853264166666667 0.801854625 0.17121721083333333 0.8254275225000001 0.17407077166666668 0.7177990350000001
0 0.18208278916666668 0.5932552962500001 0.18230237416666667 0.7233224250000001 0.275813205 0.71525823375 0.27186216583333334 0.59026012125 0.18208278916666668 0.5932552962500001
0 0.2537606825 0.81815922 0.1811192875 0.8193717225 0.14851142416666666 0.8747268725 0.210498665 0.92855737375 0.25698916916666664 0.92764506 0.2537606825 0.81815922
0 0.8529166666666667 0.71125 0.11958333333333333 0.216875
0 0.7333333333333333 0.553125 0.05625 0.12
0 0.5991666666666666 0.57375 0.15833333333333333 0.160625
0 0.6504166666666666 0.75875 0.135 0.18875
0 0.5983333333333334 0.916875 0.10416666666666667 0.1125
0 0.6174804158333334 0.490192155 0.70349184 0.4511050975 0.6815379825000001 0.05056912125 0.5065528191666666 0.053864064999999996 0.5001013350000001 0.23746171624999998 0.5282164691666668 0.48631864874999997 0.6174804158333334 0.490192155
0 0.55734822 0.67501762125 0.504864095 0.6479186075 0.43003175083333334 0.55653345875 0.30271528166666667 0.57402496375 0.2715633533333333 0.75430858 0.2763038575 0.97453115125 0.5265348666666667 0.966397525 0.55734822 0.67501762125