0 0.06041666666666667 0.415625 0.10041666666666667 0.1025
0 0.19083333333333333 0.40625 0.07916666666666666 0.12875
0 0.30045610916666665 0.79762240375 0.344391715 0.78107090375 0.3591682225 0.8216614225 0.43305086499999995 0.81062701875 0.44644824333333333 0.74284497625 0.444872155 0.60570421625 0.4346270583333333 0.52137067375 0.241153015 0.52255296875 0.24312323000000002 0.7861940425 0.2638103825 0.79880448875 0.28567960166666667 0.79013467625 0.30045610916666665 0.79762240375
0 0.4891666666666667 0.621875 0.07958333333333334 0.26625
0 0.056666666666666664 0.553125 0.07958333333333334 0.14125
0 0.18086470916666667 0.65535871625 0.22952878833333334 0.6478711975 0.23406030416666668 0.63053157125 0.23090791833333332 0.587182505 0.224800315 0.5253115162499999 0.21672249583333336 0.49772582374999996 0.19170089166666665 0.48353891375 0.16372396416666668 0.48078036500000004 0.14106659666666665 0.48196245 0.11939433666666666 0.47920390124999995 0.11821227083333334 0.57141913125 0.11880335583333335 0.6171327875 0.13791431583333333 0.6490532824999999 0.18086470916666667 0.65535871625
0 0.1025 0.850625 0.18416666666666667 0.273125
0 0.39049449416666665 0.9674717850000001 0.3971931833333333 0.9351569125 0.3914796016666667 0.88156177875 0.4216237025 0.8642221524999999 0.4295045625 0.84570044 0.4194565283333333 0.8240258025 0.3286301 0.8259962237499999 0.28390645000000003 0.83427207875 0.25533843749999996 0.86855716375 0.25967288916666664 0.9836291162499999 0.31976413249999996 0.9844172437500001 0.375914945 0.981658695 0.39049449416666665 0.9674717850000001
0 0.5488988991666667 0.98954038125 0.5729353958333333 0.981658695 0.5624933400000001 0.87446842875 0.5579618249999999 0.79368156125 0.5475197691666667 0.76570169875 0.44960062916666665 0.76294315125 0.44861552166666663 0.9044185025 0.4787596225 0.94264464 0.4978705816666667 0.98835808625 0.5488988991666667 0.98954038125
0 0.6678992133333334 0.92885168875 0.6694754066666667 0.8925961825000001 0.718336445 0.8843203275 0.7118348191666667 0.8390010487499999 0.6416955425 0.8299370675 0.6290862083333334 0.79013467625 0.5788460408333332 0.81259744125 0.5936225483333333 0.960378225 0.6255398008333333 0.9852053700000001 0.6529256425 0.97535347125 0.6678992133333334 0.92885168875
0 0.3767030941666667 0.43033773875000003 0.393646775 0.4094514375 0.38143156749999996 0.355462135 0.37335374916666664 0.32551185250000003 0.2770106975 0.33260541250000003 0.28233025666666667 0.4732926375 0.3424215 0.47092825625 0.37650603 0.46619928625 0.3767030941666667 0.43033773875000003
0 0.47580429999999996 0.40354017249999996 0.4763953858333333 0.3574325575 0.4653622441666667 0.30935452125 0.42989858416666665 0.3136893225 0.39916339833333336 0.346004195 0.4084233875 0.43467254 0.4367942316666667 0.45043591374999997 0.4689086525 0.4342785825 0.47580429999999996 0.40354017249999996
0 0.5031901416666666 0.42797314875 0.51914882 0.435854835 0.5335313058333333 0.42009167249999996 0.5396389091666667 0.37950115375000004 0.53234924 0.32275330375000005 0.5079186158333333 0.31447765875 0.5020080758333333 0.35349171375 0.4990527533333333 0.39684078 0.5031901416666666 0.42797314875
0 0.601306345 0.4118158175 0.6024884108333333 0.3704371725 0.5906672258333333 0.34127522499999996 0.5778609333333333 0.3172362075 0.5548095441666666 0.3207828825 0.55205118 0.405116425 0.5620993183333334 0.44610111125 0.5814072366666666 0.44807153375 0.601306345 0.4118158175
0 0.55599161 0.28255695375 0.57372344 0.26482315875 0.5818013633333333 0.22108013375 0.5703740958333334 0.20295238125 0.55067205 0.17576064625 0.5278177241666666 0.18403629124999998 0.5029931833333333 0.17930732124999998 0.48348809666666664 0.1883713025 0.48132092249999997 0.25181854375 0.50141699 0.28216278625 0.5362895649999999 0.301078875 0.55599161 0.28255695375
0 0.7516329316666667 0.18206587 0.75439119 0.22817348375000002 0.7545882541666666 0.2616706525 0.7853234400000001 0.26364107375 0.8369427375 0.2616706525 0.8574329316666666 0.2616706525 0.8554627166666667 0.21871554375 0.8609792341666668 0.15566247125 0.85625076 0.10679630749999999 0.8605852125 0.07763415125 0.8607822758333333 0.04256094 0.7325219716666667 0.03546738 0.7325219716666667 0.0969442 0.74454022 0.0969442 0.7528149975 0.1300472 0.7516329316666667 0.18206587
0 0.9929829050000001 0.28255695375 0.9951501833333333 0.2356612125 0.9912097533333334 0.17891336249999998 0.9860872575 0.11113111 0.9870723650000001 0.07566373 0.9860872575 0.030738409999999997 0.8668898791666667 0.03546738 0.8659047716666667 0.2202920075 0.86157032 0.23723746625 0.8645256425000001 0.28216278625 0.9929829050000001 0.28255695375
0 0.5808162558333333 0.6340782462500001 0.5819983216666667 0.6892496325 0.5995331933333333 0.7325987 0.6491822758333333 0.73023431875 0.6830698483333333 0.7125005249999999 0.66967247 0.6265907275 0.6590333508333334 0.55802034875 0.7057272158333333 0.5458038599999999 0.7608929208333334 0.53082861375 0.7805949658333333 0.50876001625 0.7415848975 0.5052133412500001 0.7108497116666667 0.48984413625 0.6988314633333333 0.45555905125 0.6570631358333333 0.44807153375 0.6123394858333333 0.45398258875 0.6064288408333334 0.48826788375 0.6024884108333333 0.52846423375 0.5808162558333333 0.528070065 0.544170425 0.52964652875 0.5404270583333334 0.5883648 0.5453524908333334 0.6277728125 0.5808162558333333 0.6340782462500001
0 0.7819740958333333 0.6490532824999999 0.7780336658333333 0.60925110125 0.7671975875 0.55210908375 0.7545882541666666 0.53910446875 0.7329159933333333 0.54738011375 0.730157735 0.55959660125 0.7329159933333333 0.60688651125 0.73409806 0.658117265 0.7819740958333333 0.6679693725 0.7819740958333333 0.6490532824999999
0 0.7374474041666667 0.74796790375 0.7372504458333333 0.78185903125 0.7589227058333333 0.79644010875 0.7837472466666667 0.79604594125 0.7823681175 0.76688399375 0.7778366016666667 0.71959408375 0.7713349766666667 0.6809739874999999 0.7565584691666667 0.6723041750000001 0.7344921866666667 0.6738804275 0.7344921866666667 0.6837325362500001 0.7344921866666667 0.69476693875 0.7374474041666667 0.74796790375
0 0.7388266383333333 0.9268812675 0.7756694283333333 0.9256989725 0.7886727841666666 0.91190623 0.7898548508333334 0.8866849175 0.7782307291666667 0.81890287375 0.7646362875 0.81062701875 0.7376444675 0.7944696874999999 0.7303546933333332 0.86382819375 0.728778605 0.9162410325 0.7388266383333333 0.9268812675
0 0.40428589416666666 0.24275456250000002 0.43502108 0.24039018250000002 0.4494035658333333 0.23841976124999997 0.4535410591666667 0.21989783875000002 0.45334399583333335 0.17379022500000002 0.4529499741666667 0.126500315 0.45373801750000003 0.0760578975 0.45275291 0.044137193750000005 0.4052710016666667 0.042166771250000006 0.36921625583333334 0.05201888 0.37020136333333337 0.161967695 0.38005243833333335 0.17970149 0.38044646 0.23999601375000001 0.40428589416666666 0.24275456250000002
0 0.32252239083333334 0.2782219425 0.3441946516666667 0.27546339375 0.35483377 0.23802559250000002 0.3439976925 0.18403629124999998 0.29710676416666665 0.18206587 0.2927723125 0.23723746625 0.30439653916666665 0.2687640025 0.32252239083333334 0.2782219425
0 0.35148442583333334 0.15329788125 0.35778909249999996 0.12492406125000001 0.358183115 0.07566373 0.3339496591666667 0.0665999575 0.335131725 0.03034424125 0.32646282083333333 0.01852192125 0.30439653916666665 0.01852192125 0.29375742 0.05044241625 0.2947425275 0.07172288625 0.29375742 0.15329788125 0.31306544333333336 0.164332285 0.33887509166666663 0.16866708625000001 0.35148442583333334 0.15329788125
0 0.24745768250000003 0.1481749525 0.21416119583333332 0.14975120625000002 0.20923565833333332 0.17930732124999998 0.20509826916666665 0.19822341125 0.20017273166666666 0.2191097125 0.20194588333333333 0.24708957375 0.19820251666666666 0.26364107375 0.19642936583333334 0.28452737625 0.20923565833333332 0.3054136775 0.2415470375 0.30974868875 0.26046103833333334 0.28216278625 0.26814483499999997 0.16630270625000002 0.26164310416666664 0.1505393325 0.24745768250000003 0.1481749525
0 0.15663125333333333 0.1954648625 0.15032658666666668 0.15605664 0.14480996333333332 0.138322845 0.14205170416666665 0.1103429825 0.12747226 0.08827438624999999 0.10008641833333333 0.08748626 0.09358468833333333 0.1552683025 0.09732805416666666 0.21477470125 0.14500702666666668 0.21516886875000002 0.15663125333333333 0.1954648625
0 0.17061971666666667 0.1446280675 0.19130686916666667 0.16630270625000002 0.20194588333333333 0.17339605625 0.21061478749999998 0.1410813925 0.21652543249999998 0.14659849 0.224800315 0.1458103625 0.241153015 0.14383994125 0.24312323000000002 0.13083532625 0.24844279 0.1162542475 0.2559295225 0.1162542475 0.2638103825 0.1138896575 0.26637157833333336 0.08551583750000001 0.26853885666666666 0.06857038 0.2638103825 0.049654290000000004 0.2537623491666667 0.04728991 0.24942789749999997 0.02679756625 0.24253214499999998 0.02522131375 0.23504541166666665 0.03152653625 0.20726544333333335 0.02995028375 0.16825548 0.03231466375 0.16746733083333334 0.06699391625 0.16648222333333335 0.11310153125 0.17061971666666667 0.1446280675