0 0.735849 0.356844 0.026926 0.116810
0 0.776487 0.355156 0.026427 0.120186
0 0.814881 0.358194 0.026427 0.123562
0 0.853524 0.365959 0.023934 0.117485
0 0.890422 0.400057 0.023934 0.126263
0 0.931808 0.409510 0.033906 0.139767
0 0.737345 0.098917 0.024931 0.114109
0 0.598728 0.067183 0.087758 0.033085
0 0.064951 0.371698 0.027424 0.124912
0 0.453379 0.716388 0.089254 0.033760
0 0.440165 0.769054 0.090750 0.033760
0 0.387311 0.823745 0.093741 0.031059
0 0.376341 0.874048 0.090750 0.038486
0 0.416730 0.925026 0.095736 0.027008
0 0.595486 0.642116 0.078284 0.028358
0 0.600565 0.669705 0.080464 0.026065