0 0.121639 0.413948 0.208153 0.413948 0.204868 0.449997 0.123830 0.447671
0 0.081120 0.589540 0.176395 0.588377 0.162158 0.626752 0.084406 0.627914
0 0.082215 0.500000 0.207058 0.501163 0.193917 0.536049 0.088786 0.534886
0 0.076740 0.797692 0.106308 0.768620 0.105213 0.691872 0.069074 0.694197
0 0.119449 0.068580 0.250862 0.067417 0.250862 0.101140 0.126020 0.106954
0 0.672480 0.137188 0.796227 0.134862 0.796227 0.167423 0.674670 0.169748
0 0.673575 0.180214 0.804988 0.177888 0.797322 0.208123 0.674670 0.203471
0 0.838937 0.206960 0.914499 0.204634 0.914499 0.223240 0.832366 0.224403
0 0.838937 0.229054 0.833461 0.254637 0.935306 0.254637 0.927641 0.223240
0 0.833461 0.266265 0.832366 0.347666 0.861934 0.347666 0.857554 0.252311
0 0.415129 0.565120 0.442507 0.575586 0.439221 0.496511 0.417319 0.500000
0 0.804988 0.554654 0.808274 0.586052 0.887122 0.620937 0.980206 0.596517 0.999617 0.574875 0.999617 0.553491
0 0.618819 0.783737 0.628675 0.772109 0.795132 0.775597 0.854268 0.769783 0.849888 0.816297 0.619915 0.812809
0 0.239911 0.806995 0.324235 0.806995 0.325330 0.847695 0.243197 0.843043
0 0.600203 0.954678 0.781991 0.952352 0.781991 0.986075 0.596917 0.984912
0 0.438126 0.803506 0.456743 0.819786 0.495072 0.777923 0.474265 0.763969