0 0.164896 0.431973 0.086514 0.036049
0 0.128758 0.608146 0.095275 0.039537
0 0.144637 0.518024 0.124843 0.036049
0 0.087691 0.744782 0.037234 0.105820
0 0.185156 0.087185 0.131413 0.039537
0 0.734354 0.152305 0.123747 0.034886
0 0.739282 0.193005 0.131413 0.030234
0 0.873433 0.214518 0.082133 0.019769
0 0.884384 0.238938 0.101845 0.031397
0 0.847150 0.299988 0.029568 0.095354
0 0.428818 0.536049 0.027378 0.079074
0 0.902302 0.587214 0.194628 0.067446
0 0.736544 0.793040 0.235449 0.046514
0 0.282621 0.827345 0.085419 0.040700
0 0.689454 0.969213 0.185074 0.033723
0 0.466599 0.791877 0.056946 0.055817