0 0.121297 0.532147 0.160925 0.536739 0.154533 0.622847 0.121936 0.617107
0 0.160286 0.687141 0.156451 0.762916 0.256160 0.761768 0.256160 0.715844
0 0.254882 0.698622 0.258717 0.766361 0.332859 0.769805 0.344364 0.710103
0 0.405085 0.750287 0.408919 0.818025 0.448548 0.819173 0.451104 0.749139
0 0.522051 0.715844 0.525247 0.769805 0.642853 0.766361 0.643492 0.719288
0 0.564875 0.676808 0.565514 0.718140 0.646048 0.722732 0.644131 0.672216
0 0.681202 0.599885 0.653718 0.634328 0.679924 0.699770 0.713799 0.652698
0 0.704851 0.676808 0.702934 0.726177 0.834601 0.727325 0.834601 0.672216
0 0.497124 0.775545 0.498402 0.815729 0.614729 0.823766 0.614090 0.778990
0 0.614729 0.768657 0.616008 0.830654 0.697181 0.830654 0.695903 0.770953
0 0.486258 0.086682 0.486897 0.129162 0.568710 0.130310 0.575741 0.117681 0.571266 0.072905
0 0.321994 0.064868 0.323272 0.115385 0.421703 0.116533 0.424899 0.039610
0 0.506711 0.828358 0.507350 0.871986 0.596194 0.871986 0.595555 0.829506
0 0.508629 0.870838 0.509907 0.917910 0.625595 0.916762 0.627513 0.866246
0 0.500320 0.928243 0.656275 0.927095 0.657553 0.984501 0.505433 0.989093