0 0.141111 0.577497 0.039628 0.090700
0 0.206305 0.725029 0.099709 0.075775
0 0.299623 0.734214 0.089483 0.071183
0 0.428094 0.784156 0.046020 0.070034
0 0.582771 0.742824 0.121441 0.053961
0 0.605462 0.697474 0.081174 0.050517
0 0.683759 0.649828 0.060081 0.099885
0 0.768767 0.699770 0.131667 0.055109
0 0.555927 0.799656 0.117606 0.048220
0 0.655955 0.799656 0.082452 0.061998
0 0.530999 0.101607 0.089483 0.057405
0 0.373446 0.078071 0.102905 0.076923
0 0.551452 0.850172 0.089483 0.043628
0 0.568071 0.892078 0.118884 0.051665
0 0.578936 0.958094 0.157234 0.061998