0 0.791262 0.317341 0.835226 0.317341 0.830647 0.403104 0.792178 0.407227
0 0.685016 0.464128 0.739055 0.462479 0.734475 0.647199 0.688679 0.643076
0 0.562085 0.629739 0.562596 0.656883 0.686254 0.655502 0.686254 0.636180 0.641799 0.624678
0 0.561063 0.670685 0.561063 0.702429 0.682678 0.698749 0.682678 0.665624
0 0.219724 0.588333 0.264180 0.585572 0.260603 0.770519 0.215125 0.770059
0 0.193500 0.180924 0.231812 0.180924 0.231812 0.304792 0.197854 0.302440
0 0.142126 0.183276 0.177827 0.179357 0.178697 0.304792 0.143868 0.304008
0 0.082916 0.187196 0.120358 0.187196 0.119487 0.305576 0.071596 0.300088
0 0.196983 0.442770 0.228329 0.439634 0.234425 0.558798 0.192629 0.558798
0 0.144739 0.432579 0.176956 0.431795 0.179568 0.552526 0.144739 0.549390
0 0.087270 0.424739 0.132548 0.423955 0.129065 0.537631 0.084658 0.540766