0 0.011068 0.732359 0.017853 0.839978 0.255322 0.828972 0.247689 0.726244 0.202739 0.750703
0 0.140828 0.307998 0.189170 0.312890 0.195106 0.463312 0.146764 0.462089
0 0.307904 0.007154 0.318082 0.054849 0.428335 0.051180 0.434272 0.001040
0 0.484310 0.008377 0.486006 0.067078 0.713298 0.076862 0.712514 -0.000000
0 0.695488 0.104990 0.698032 0.190596 0.944831 0.177143 0.934654 0.108658
0 0.679374 0.098875 0.679374 0.146570 0.513994 0.150238 0.513994 0.089091
0 0.463956 0.496331 0.468196 0.613734 0.505513 0.612511 0.504665 0.490216 0.455475 0.497554
0 0.364727 0.435184 0.396107 0.435184 0.404588 0.561147 0.382538 0.561147 0.369816 0.563593
0 0.121321 0.725021 0.170511 0.754372 0.191714 0.612511 0.152701 0.589275
0 0.317233 0.742143 0.318930 0.803290 0.474133 0.789837 0.480918 0.726244
0 0.321474 0.838755 0.319778 0.899902 0.551310 0.899902 0.548766 0.831417
0 0.424943 0.928030 0.426639 0.986731 0.653931 0.986731 0.653931 0.920692
0 0.719235 0.618625 0.744678 0.618625 0.764185 0.473095 0.721779 0.455974
0 0.648842 0.832640 0.648842 0.880335 0.811678 0.886450 0.809982 0.815519
0 0.664956 0.912132 0.668349 0.962272 0.828640 0.959826 0.822704 0.904794
0 0.937198 0.751926 0.945679 0.864437 0.988084 0.837532 0.982147 0.738474