0 0.133195 0.783111 0.244254 0.113734
0 0.167967 0.385655 0.054279 0.155314
0 0.371088 0.027944 0.126368 0.053809
0 0.598804 0.038431 0.228988 0.076862
0 0.820159 0.147793 0.249343 0.085606
0 0.596684 0.119665 0.165380 0.061147
0 0.480494 0.551975 0.050038 0.123517
0 0.384658 0.499389 0.039861 0.128409
0 0.156518 0.671823 0.070393 0.165097
0 0.399076 0.764767 0.163684 0.077045
0 0.435544 0.865660 0.231533 0.068485
0 0.539437 0.953712 0.228988 0.066039
0 0.741710 0.537300 0.044950 0.162651
0 0.730260 0.850984 0.162836 0.070931
0 0.746798 0.933533 0.163684 0.057478
0 0.962641 0.801455 0.050886 0.125963