0 0.679335 0.121720 0.071613 0.045517
0 0.870202 0.137097 0.163253 0.071350
0 0.483614 0.062056 0.077075 0.049207
0 0.304885 0.076819 0.148081 0.059049
0 0.310347 0.124180 0.072827 0.035675
0 0.252693 0.166006 0.072827 0.043056
0 0.479669 0.213368 0.066758 0.056588
0 0.127978 0.132792 0.145046 0.050437
0 0.126157 0.185074 0.146260 0.041826
0 0.127978 0.867823 0.084357 0.049207
0 0.135867 0.915800 0.090426 0.051668
0 0.413822 0.810620 0.066151 0.062739
0 0.790699 0.436646 0.084357 0.055358
0 0.800410 0.864133 0.111061 0.066430
0 0.567061 0.446487 0.019420 0.079962