0 0.042296 0.150088 0.044201 0.235306 0.139490 0.240471 0.138220 0.142341
0 0.173794 0.128138 0.171888 0.213356 0.266542 0.199153 0.258284 0.142341
0 0.533986 0.168164 0.639439 0.151379 0.634993 0.235306 0.566385 0.231433 0.566385 0.181076
0 0.779832 0.751782 0.781738 0.785353 0.861145 0.777606 0.856698 0.746617
0 0.778613 0.787067 0.913821 0.785968 0.913640 0.838365 0.777892 0.836167
0 0.858286 0.111970 0.882813 0.117359 0.878173 0.198199 0.852983 0.198199
0 0.886127 0.040561 0.886127 0.188767 0.908002 0.180683 0.909328 0.031130
0 0.490388 0.645511 0.629593 0.644164 0.629593 0.691321 0.493040 0.688626
0 0.488400 0.702099 0.615010 0.700752 0.615010 0.741172 0.496354 0.750603
0 0.570597 0.772160 0.560653 0.832790 0.608381 0.885336 0.615010 0.831443
0 0.943798 0.392214 0.968324 0.393561 0.968324 0.498653 0.950427 0.497305