0 0.056720 0.568199 0.228821 0.568199 0.228821 0.614928 0.056114 0.617454
0 0.053084 0.627557 0.053084 0.671761 0.232457 0.670498 0.231245 0.626295
0 0.296691 0.578303 0.368804 0.580828 0.368804 0.625032 0.296691 0.625032
0 0.330021 0.712175 0.403951 0.707123 0.403951 0.752589 0.332445 0.756378
0 0.097928 0.697019 0.268816 0.694494 0.269422 0.743748 0.096110 0.747537
0 0.269422 0.753852 0.269422 0.801844 0.096110 0.805633 0.097928 0.755115
0 0.655436 0.580828 0.731184 0.583354 0.729972 0.628820 0.658466 0.627557
0 0.596655 0.704597 0.668767 0.702071 0.668161 0.751326 0.599685 0.748800
0 0.516665 0.843521 0.588171 0.843521 0.586959 0.887724 0.513635 0.885198
0 0.508787 0.907931 0.562114 0.907931 0.556054 0.948346 0.503333 0.942031
0 0.734214 0.697019 0.910556 0.699545 0.909344 0.742485 0.736032 0.742485
0 0.734214 0.755115 0.734214 0.795529 0.911162 0.799318 0.909344 0.753852
0 0.632408 0.825840 0.808144 0.825840 0.808144 0.873832 0.633620 0.870043
0 0.632408 0.881409 0.808750 0.883935 0.808750 0.929401 0.633014 0.928138
0 0.778451 0.565673 0.951763 0.568199 0.951763 0.618717 0.779663 0.617454
0 0.777239 0.625032 0.777239 0.666709 0.950551 0.669235 0.950551 0.621243