0 0.142468 0.592826 0.172706 0.049255
0 0.142771 0.649028 0.179372 0.045466
0 0.332748 0.601667 0.072112 0.046729
0 0.366986 0.731750 0.073930 0.049255
0 0.182766 0.721015 0.173312 0.053044
0 0.182766 0.779742 0.173312 0.051781
0 0.693310 0.604824 0.075748 0.047992
0 0.632711 0.726699 0.072112 0.049255
0 0.550903 0.865623 0.074536 0.044203
0 0.532723 0.928138 0.058781 0.040414
0 0.822385 0.719752 0.176342 0.045466
0 0.822688 0.776585 0.176948 0.045466
0 0.720276 0.849836 0.175736 0.047992
0 0.720579 0.905405 0.176342 0.047992
0 0.865107 0.592195 0.173312 0.053044
0 0.863895 0.645239 0.173312 0.047992