0 0.816147 0.516003 0.857226 0.514936 0.857226 0.637625 0.825813 0.637625
0 0.863670 0.534140 0.901527 0.534140 0.901527 0.665363 0.867697 0.652561
0 0.898305 0.364509 0.901527 0.490398 0.919248 0.487198 0.920858 0.358108
0 0.929719 0.350640 0.928108 0.469061 0.949855 0.470128 0.951466 0.348506
0 0.958716 0.323968 0.957105 0.453058 0.985296 0.451991 0.980463 0.318634
0 0.680023 0.190611 0.716269 0.231151 0.773457 0.140468 0.750904 0.113797
0 0.524567 0.084991 0.611558 0.084991 0.612363 0.123398 0.526983 0.118064
0 0.021148 0.433855 0.018731 0.483997 0.050145 0.489331 0.068670 0.320767 0.036452 0.314366
0 0.099278 0.330369 0.079947 0.467994 0.103306 0.470128 0.130692 0.334637
0 0.168549 0.677099 0.205600 0.655762 0.276482 0.767782 0.254734 0.806189
0 0.199157 0.824325 0.220904 0.792320 0.301451 0.864866 0.269233 0.888337
0 0.311923 0.679233 0.299035 0.715506 0.344141 0.762448 0.369916 0.731509
0 0.189491 0.582148 0.198351 0.620555 0.286148 0.580015 0.278093 0.538407
0 0.680023 0.710171 0.649415 0.746445 0.699354 0.798721 0.727545 0.778450
0 0.830646 0.701637 0.814536 0.732576 0.865281 0.783785 0.886223 0.761381 0.884612 0.741110
0 0.743655 0.581081 0.732378 0.628023 0.821786 0.670698 0.816147 0.615221