0 0.836687 0.576280 0.041079 0.122689
0 0.882599 0.599751 0.037857 0.131224
0 0.909582 0.424253 0.022553 0.132291
0 0.939787 0.409317 0.023359 0.121622
0 0.971200 0.385846 0.028191 0.134424
0 0.726740 0.172474 0.093435 0.117355
0 0.568465 0.104195 0.087796 0.038407
0 0.043701 0.401849 0.049939 0.174965
0 0.105319 0.400249 0.050745 0.139759
0 0.222515 0.730975 0.107933 0.150427
0 0.250304 0.840328 0.102295 0.096017
0 0.334476 0.720840 0.070881 0.083215
0 0.237819 0.579481 0.096656 0.082148
0 0.688480 0.754446 0.078131 0.088549
0 0.850380 0.742711 0.071687 0.082148
0 0.777082 0.625889 0.089407 0.089616